	logamplitude	logpitch	logFM	logAM2	logentropy	logpitchgoodness	logmeanfreq	logvpitch	logvFM	logventropy	logvpitchgoodness	vmeanfreq	PC1	PC1neg	PC2	PC3	PC4	PC5	PC6	PC7	PC8	PC9	PC10	PC11	PC12	Population	Domesticated	Template	Target
123	1.040280522	0.53408567	0.607200405	0.566856766	0.541771259	0.57470895	0.600527088	0.383431568	0.511307147	0.452809732	0.58728677	0.510938455	2.233652178	-2.233652178	-1.146839874	0.111977145	0.087115015	0.289362042	-0.018238197	-0.091378301	-0.042863221	0.00131742	-0.00077126	0.164045816	-0.105245373	ECU	Domesticated	filtered_NewRunDP99_tclust	filtered_NewRunLP47_tclust
124	0.943198148	0.682153973	0.718913202	0.676470828	0.593651128	0.693939427	0.704502046	0.541654776	0.607942759	0.609911681	0.632432996	0.559216038	3.200795537	-3.200795537	-0.565864968	0.093485519	0.177029364	0.184171809	0.17122962	-0.254654644	-0.00936599	0.157361918	0.074140874	0.050007067	0.01596648	ECU	Domesticated	filtered_NewRunDP99_tclust	filtered_NewRunLP49_tclust
125	0.900068002	0.766253789	0.94859181	0.772910125	0.723735377	0.891436981	0.722800337	0.546688291	0.728421019	0.64159458	0.725562863	0.613970187	4.170197976	-4.170197976	-0.270755439	-0.404319798	-0.202019978	0.173303601	0.257095028	-0.141185633	0.239067401	0.14970579	0.377118478	-0.036618665	0.120521138	ECU	Domesticated	filtered_NewRunDP99_tclust	filtered_NewRunLP74_tclust
126	1.061214141	0.72279853	0.772344487	0.78962575	0.745782845	0.774551181	0.762509139	0.669836929	0.75578231	0.693907753	0.74925181	0.665776104	4.264596093	-4.264596093	-0.684441435	0.192912185	0.09090083	0.270537413	-0.018971713	-0.10775507	0.09437037	0.146372656	-0.054397147	0.158932998	0.016507519	ECU	Domesticated	filtered_NewRunDP99_tclust	filtered_NewRunLP85_tclust
127	0.951373706	0.91116916	0.825727935	0.694114951	0.557818545	0.939009303	0.854500737	0.142053909	0.538001844	0.540160337	0.771814777	0.467629485	3.54819518	-3.54819518	-0.720908685	-1.209540412	0.159121155	-0.344246444	1.020435265	-0.1744832	-0.137747943	0.253030455	-0.124957625	-0.007249073	0.119209472	ECU	Domesticated	filtered_NewRunDP99_tclust	filtered_NewRunLP87_tclust
128	0.611116348	0.523696916	0.633361172	0.618049335	0.687376308	0.604745394	0.549758812	0.438300917	0.624120001	0.587192336	0.603854661	0.472173928	2.311877082	-2.311877082	0.364129695	0.062370737	-0.257105376	0.246869267	-0.285272026	0.07182135	0.107348432	0.145559003	-0.046068378	0.052214388	-0.120251217	ECU	Domesticated	filtered_NewRunDP99_tclust	filtered_NewRunPU167_tclust
129	0.979389247	0.746541055	0.895627114	0.699390424	0.633438807	0.838070121	0.797105272	0.500385583	0.719338513	0.594746843	0.725671694	0.501823004	3.841807953	-3.841807953	-0.604154763	-0.529176327	0.155785455	0.22238164	0.31404105	-0.161659107	0.06388913	0.426212809	0.323003413	0.0789176	0.028563205	ECU	Domesticated	filtered_NewRunDP99_tclust	filtered_NewRunPU170_tclust
130	0.612159625	0.648078645	0.789555352	0.538090285	0.589941023	0.762433849	0.633619053	0.414113143	0.616119012	0.459764907	0.670547141	0.594773849	2.685889969	-2.685889969	0.306617172	-0.548370473	-0.078747453	0.347195047	0.218523791	-0.058141607	-0.115479644	-0.276700392	0.424098509	0.091921458	-0.068747481	ECU	Domesticated	filtered_NewRunDP99_tclust	filtered_SameEarlierALP68_tclust
131	0.876617205	0.651958505	0.704441901	0.601785337	0.529995017	0.729895655	0.734913758	0.463664176	0.609480022	0.556142001	0.779158793	0.542765297	3.049909862	-3.049909862	-0.450489495	-0.38574709	0.250348805	0.407556727	0.193098187	-0.290368169	-0.236318381	0.057570758	-0.065992493	0.093025264	-0.202361296	ECU	Domesticated	filtered_NewRunDP99_tclust	filtered_SameEarlierALP75_tclust
132	0.982955213	0.394198695	0.603663907	0.572092878	0.288043153	0.544651853	0.419044253	-0.03484254	0.253241282	0.455008927	0.43244639	0.530245509	0.98045789	-0.98045789	-1.417700123	-0.268220441	-0.313765711	-0.294068645	-0.11344818	-0.768610977	0.110071964	-0.403798542	0.005933119	-0.292650463	0.02236637	ECU	Domesticated	filtered_NewRunLP47_tclust	filtered_NewRunDP99_tclust
133	0.700919169	0.536915251	0.579939035	0.547251705	0.442023177	0.468294012	0.728658605	0.353511779	0.423069593	0.504478231	0.473207351	0.543418563	1.73607642	-1.73607642	-0.161259053	0.106674809	0.697488699	-0.11747645	0.021469523	-0.284498248	-0.051362267	-0.156793636	0.071904558	-0.066723837	-0.216127773	ECU	Domesticated	filtered_NewRunLP47_tclust	filtered_NewRunLP49_tclust
134	1.089571107	0.762297018	0.864438076	0.751446576	0.832561008	0.912018046	0.84340933	0.729718776	0.747397921	0.753277874	0.764607916	0.739743569	4.834866432	-4.834866432	-0.670761134	0.043611705	0.154312796	0.284459566	0.025884705	0.10120862	-0.110455814	0.050447914	0.145621196	-0.108346895	0.206135129	ECU	Domesticated	filtered_NewRunLP47_tclust	filtered_NewRunLP74_tclust
135	1.006466038	0.819554193	0.804184594	0.854183828	0.920371567	0.835437614	0.868469422	0.773793987	0.787597423	0.820312035	0.79956022	0.807234159	5.120881129	-5.120881129	-0.285840153	0.352156276	0.181112321	0.074232042	-0.01128409	0.167870335	0.042573463	-0.031252605	-0.162692479	0.001235189	0.031458348	ECU	Domesticated	filtered_NewRunLP47_tclust	filtered_NewRunLP85_tclust
136	0.816404486	0.747641198	0.870066132	0.681157888	0.456789261	0.867997578	0.95473965	0.200383456	0.458681804	0.69840305	0.666767651	0.705926093	3.483193503	-3.483193503	-0.345062727	-0.998337856	0.69251418	-0.586735636	0.419285615	-0.586313002	-0.210070043	-0.286919038	0.135635686	-0.527444644	0.065801235	ECU	Domesticated	filtered_NewRunLP47_tclust	filtered_NewRunLP87_tclust
137	1.154489138	0.543210087	0.681669665	0.632433971	0.831249703	0.569396071	0.618670777	0.229859905	0.546622255	0.605303332	0.529248149	0.64272119	2.878631479	-2.878631479	-1.38398002	0.266696027	-0.264094165	-0.411754684	-0.417034233	0.497585871	0.06339293	-0.097321536	0.011547817	-0.031358314	-0.099629971	ECU	Domesticated	filtered_NewRunLP47_tclust	filtered_NewRunPU167_tclust
138	0.946648605	0.774837913	0.866160354	0.754555836	0.845633224	0.886497407	0.896999428	0.685953073	0.73038335	0.724086653	0.793979568	0.722415718	4.724273781	-4.724273781	-0.25777797	-0.141611804	0.304074634	0.206614387	0.1074368	0.203955531	-0.035679314	0.015530399	0.083959635	-0.130231841	0.053083702	ECU	Domesticated	filtered_NewRunLP47_tclust	filtered_NewRunPU170_tclust
139	1.165273165	0.58445596	0.738803763	0.59505027	0.70173761	0.660988356	0.641765105	0.077023448	0.461391181	0.570248263	0.386977546	0.727373406	2.674918618	-2.674918618	-1.562906185	-0.036142559	-0.15009606	-0.786607221	-0.194477892	0.233593672	-0.03735956	-0.41158773	0.341128241	-0.154982618	0.260339732	ECU	Domesticated	filtered_NewRunLP47_tclust	filtered_SameEarlierALP68_tclust
140	0.886831272	0.592526805	0.747479706	0.682390585	0.495433847	0.659604374	0.710840631	0.354193121	0.478577075	0.641430301	0.536888175	0.706600015	2.821868307	-2.821868307	-0.58910197	-0.05132711	0.282656812	-0.269577759	-0.04837488	-0.53759769	0.055061865	-0.341988117	0.181624328	-0.279434522	0.020063006	ECU	Domesticated	filtered_NewRunLP47_tclust	filtered_SameEarlierALP75_tclust
141	0.581842828	0.591325134	0.460227199	0.508670451	0.382298066	0.460516113	0.707455475	0.051131748	0.284534289	0.554917019	0.364879895	0.155710287	0.722231547	-0.722231547	0.040582263	-0.26388044	0.580474738	-0.602154328	0.425177714	-0.211822509	-0.149276968	0.710354277	-0.333583123	-0.251363246	-0.018775674	ECU	Domesticated	filtered_NewRunLP49_tclust	filtered_NewRunDP99_tclust
142	0.585259219	0.418371192	0.340518586	0.361442174	0.31357132	0.148719958	0.613557949	-0.048969529	0.09984438	0.388121911	0.195774814	0.288079786	-0.56590924	0.56590924	-0.309230061	0.28371032	0.793328005	-0.749322454	0.122110877	-0.067676471	-0.148911891	0.043235549	-0.124498699	-0.230359508	-0.392142478	ECU	Domesticated	filtered_NewRunLP49_tclust	filtered_NewRunLP47_tclust
143	0.576680159	0.67252784	0.575477729	0.549875939	0.68028502	0.67138925	0.880390775	0.28843364	0.451868816	0.649967284	0.452200239	0.459605014	2.345422248	-2.345422248	0.435950742	-0.218231426	0.725884452	-0.526182365	0.203411126	0.363669947	-0.285332269	0.214640103	-0.157199063	-0.303171949	0.227917181	ECU	Domesticated	filtered_NewRunLP49_tclust	filtered_NewRunLP74_tclust
144	0.671750312	0.731003771	0.722364101	0.721576436	0.738836024	0.706543979	0.705696439	0.581312656	0.665959874	0.730746847	0.667819776	0.586587884	3.472771997	-3.472771997	0.4446393	0.148592774	-0.006522728	0.023276891	0.08238458	-0.046523531	0.018293537	0.156835136	-0.057741383	-0.046149703	-0.056044259	ECU	Domesticated	filtered_NewRunLP49_tclust	filtered_NewRunLP85_tclust
145	0.432381024	0.460383168	0.586072544	0.494404202	0.439204966	0.669707556	0.525139756	0.224429492	0.417724562	0.528041767	0.55855416	0.286318673	1.159285905	-1.159285905	0.595759832	-0.590481598	-0.144393846	0.269176505	0.016893896	-0.301085276	-0.125982936	0.258152446	-0.09954103	-0.303995648	0.050658608	ECU	Domesticated	filtered_NewRunLP49_tclust	filtered_NewRunLP87_tclust
146	0.7354381	0.644399886	0.590723214	0.618890036	0.597761833	0.540450416	0.475191673	0.126996233	0.369312675	0.560707374	0.447909766	0.449458021	1.650984374	-1.650984374	-0.274599074	0.092450315	-0.454602662	-0.52008369	0.285300613	-0.053569775	0.101404443	0.023800103	-0.127529726	-0.141050792	-0.023346866	ECU	Domesticated	filtered_NewRunLP49_tclust	filtered_NewRunPU167_tclust
147	0.441515391	0.636649897	0.576735449	0.573923111	0.626962932	0.67706294	0.336105551	0.256824787	0.406002137	0.64390194	0.509362193	0.36397987	1.541470652	-1.541470652	0.755245295	0.004509084	-0.95905333	-0.070951708	0.279262065	-0.110246008	-0.095386095	0.164250012	-0.17728471	-0.302428327	0.18186098	ECU	Domesticated	filtered_NewRunLP49_tclust	filtered_NewRunPU170_tclust
148	0.936551562	0.561169273	0.667858718	0.498013971	0.461040752	0.680545668	0.555049001	0.020202711	0.504482068	0.589132479	0.402439938	0.464148585	1.79789792	-1.79789792	-0.948503135	-0.432381888	-0.243154953	-0.518488239	-0.07816055	-0.311566081	-0.330267086	0.149815951	0.270495636	-0.024369046	0.301579095	ECU	Domesticated	filtered_NewRunLP49_tclust	filtered_SameEarlierALP68_tclust
149	0.367488552	0.525081354	0.601230126	0.492873084	0.397729918	0.68539263	0.289025997	0.173454081	0.335438151	0.398268919	0.483931139	0.452925747	0.793644445	-0.793644445	0.674968081	-0.424258933	-0.785116176	0.230719685	0.32796931	-0.478675048	-0.007245577	-0.453567649	0.162469043	-0.181488896	0.191767734	ECU	Domesticated	filtered_NewRunLP49_tclust	filtered_SameEarlierALP75_tclust
150	0.470867814	0.623738482	0.818696143	0.742881501	0.363868161	0.874646555	0.501878041	0.16276487	0.352827957	0.521812652	0.684607131	0.416903818	2.064507375	-2.064507375	0.488960199	-1.123393964	-0.538499753	0.104549873	0.615101187	-0.898539962	0.426803652	-0.104181678	-0.041013937	-0.555167899	0.138750601	ECU	Domesticated	filtered_NewRunLP74_tclust	filtered_NewRunDP99_tclust
151	0.953637565	0.648350474	0.76198334	0.66296389	0.778411458	0.757308991	0.82271944	0.608469624	0.722926264	0.684559622	0.700337203	0.799391764	4.040661604	-4.040661604	-0.427750445	0.100645584	0.332622051	0.136054911	-0.292296291	0.144863272	-0.186967855	-0.288884867	0.133879718	0.032499634	-0.013192984	ECU	Domesticated	filtered_NewRunLP74_tclust	filtered_NewRunLP47_tclust
152	0.678714597	0.710575286	0.688385634	0.711948433	0.607472585	0.690013612	0.769062644	0.501125867	0.614562327	0.584295443	0.615784915	0.622558702	3.101689859	-3.101689859	0.252100808	-0.05874068	0.388210601	-0.024470161	0.221753291	-0.201684468	0.114853405	-0.114053441	-0.016378445	0.098655918	0.010206861	ECU	Domesticated	filtered_NewRunLP74_tclust	filtered_NewRunLP49_tclust
153	0.81944563	0.881745145	0.887113868	0.804860405	0.92521577	0.893858676	0.878881576	0.724912628	0.818013633	0.767313081	0.81682557	0.792498451	5.087088416	-5.087088416	0.281860003	-0.042961027	0.117230329	0.056139045	0.205749306	0.257079989	0.002118032	-0.083465956	0.094625884	0.03539806	0.003291721	ECU	Domesticated	filtered_NewRunLP74_tclust	filtered_NewRunLP85_tclust
154	0.757738096	0.582318832	0.599616582	0.520468922	0.490114105	0.745003043	0.90432163	0.449002943	0.493424691	0.511036381	0.594726158	0.539362972	2.533963767	-2.533963767	-0.189748155	-0.420410173	1.014010284	0.239152473	0.15407424	-0.087867214	-0.361277078	-0.068897726	-0.055652889	-0.118293385	0.193526191	ECU	Domesticated	filtered_NewRunLP74_tclust	filtered_NewRunLP87_tclust
155	0.84297887	0.788142882	0.903605822	0.706118354	0.722902344	0.7853217	0.771528678	0.651509774	0.690644171	0.681429608	0.734229845	0.741903583	4.178157097	-4.178157097	-0.052323119	-0.039050683	0.096203297	0.151584684	0.235436618	-0.123780219	-0.028971387	-0.154297492	0.406580008	-0.0766475	-0.135879337	ECU	Domesticated	filtered_NewRunLP74_tclust	filtered_NewRunPU167_tclust
156	0.175641387	0.064445952	0.186691191	0.10664087	0.330494354	0.235357746	0.384670839	-0.202340939	0.108671935	0.073706034	0.151450773	0.097864339	-2.35162838	2.35162838	0.602595703	-0.406020523	0.323857716	0.099300295	-0.457923081	0.528745006	-0.194852662	-0.167693129	-0.073911195	-0.062449501	-0.062942361	ECU	Domesticated	filtered_NewRunLP74_tclust	filtered_NewRunPU170_tclust
157	0.901225923	0.832315376	0.860198462	0.7476337	0.884833545	0.744862718	0.818376914	0.660648691	0.766900875	0.761906265	0.730789737	0.827936231	4.640012211	-4.640012211	-0.082664819	0.264841513	0.095416719	-0.136961551	0.049996082	0.212447741	-0.061244203	-0.190678567	0.234760487	0.055622013	-0.178580906	ECU	Domesticated	filtered_NewRunLP74_tclust	filtered_SameEarlierALP68_tclust
158	0.678855104	0.849448201	0.72961221	0.807389748	0.767397525	0.694479522	0.887362612	0.650476772	0.711246901	0.703320615	0.676873668	0.760179093	4.114038406	-4.114038406	0.534700279	0.2408214	0.543524711	-0.228430867	0.274910445	-0.007071035	0.130257195	-0.182452783	-0.086391581	0.151381943	-0.102584074	ECU	Domesticated	filtered_NewRunLP74_tclust	filtered_SameEarlierALP75_tclust
159	0.75391314	0.51844557	0.482355025	0.507789493	0.592108003	0.497444395	0.711013975	0.270048227	0.466356801	0.442053837	0.415951324	0.441301603	1.554526065	-1.554526065	-0.323621964	0.098706731	0.546037682	-0.160982878	-0.066732083	0.301285521	-0.076726962	0.064180319	-0.106395089	0.142850268	0.035211679	ECU	Domesticated	filtered_NewRunLP85_tclust	filtered_NewRunDP99_tclust
160	0.771361192	0.557442172	0.61152634	0.578887925	0.695783132	0.678610543	0.690996328	0.392766615	0.589782505	0.473471895	0.581558052	0.611048697	2.573657439	-2.573657439	-0.188621321	-0.103630564	0.187862901	0.148733457	-0.141807184	0.301574794	-0.035429641	-0.27005855	-0.014768665	0.157540712	0.087198296	ECU	Domesticated	filtered_NewRunLP85_tclust	filtered_NewRunLP47_tclust
161	0.595211	0.604542673	0.595772762	0.551273899	0.567143742	0.613432935	0.664221459	0.412620964	0.628991955	0.482265484	0.638059032	0.433493645	2.173486563	-2.173486563	0.352416077	-0.235043962	0.207883183	0.302014555	0.087529421	-0.01603821	-0.107665002	0.164670476	-0.054571557	0.299517899	-0.16787908	ECU	Domesticated	filtered_NewRunLP85_tclust	filtered_NewRunLP49_tclust
162	0.670957907	0.727545007	0.786637212	0.601450316	0.882481297	0.829516135	0.857999614	0.519852205	0.69150036	0.556647829	0.802410763	0.573736909	3.752073791	-3.752073791	0.404671777	-0.548995847	0.245136939	0.299692837	0.198587299	0.69881637	-0.13704354	0.04071718	0.040156085	0.005967302	-0.133204673	ECU	Domesticated	filtered_NewRunLP85_tclust	filtered_NewRunLP74_tclust
163	0.56749314	0.637210254	0.719372138	0.672000992	0.864366589	0.793927967	0.758340876	0.463315107	0.526842385	0.548931191	0.775334686	0.595724223	3.251244404	-3.251244404	0.586780314	-0.424209456	0.042788639	0.261393451	0.131997124	0.583413398	0.151666065	-0.247053501	-0.246953178	-0.305158395	-0.109997582	ECU	Domesticated	filtered_NewRunLP85_tclust	filtered_NewRunLP87_tclust
164	0.834169271	0.341204898	0.316127545	0.299150112	0.37842902	0.527043726	0.464055797	0.146234547	0.314554119	0.314932984	0.331436763	0.502944828	0.300387304	-0.300387304	-0.913427141	0.115219553	0.164532945	0.205672903	-0.253410829	-0.024907365	-0.572176937	-0.514536484	-0.084013226	0.151550338	0.359139192	ECU	Domesticated	filtered_NewRunLP85_tclust	filtered_NewRunPU167_tclust
165	0.420122836	0.52815657	0.575083136	0.510951517	0.519412743	0.669338517	0.629566134	0.276862579	0.573139982	0.438224216	0.655057975	0.452994422	1.7286699	-1.7286699	0.746697048	-0.645692658	0.111160238	0.310985077	-0.002748053	-0.060758351	-0.141411939	-0.122959906	-0.125078481	0.174165362	-0.114563895	ECU	Domesticated	filtered_NewRunLP85_tclust	filtered_NewRunPU170_tclust
166	1.017136245	0.746525629	0.817714155	0.753790804	0.872155203	0.764603481	0.766956699	0.322088156	0.688157285	0.683716854	0.746187993	0.625331182	4.029631535	-4.029631535	-0.692986346	-0.29756625	-0.19398258	-0.330982015	0.028770268	0.374357699	0.103616878	0.140621341	-0.103357736	0.016484298	-0.14958932	ECU	Domesticated	filtered_NewRunLP85_tclust	filtered_SameEarlierALP68_tclust
167	0.196986164	0.373630391	0.290844119	0.433026921	0.504402454	0.637126345	0.515786805	-0.159057145	0.458134872	-0.002007553	0.625474241	0.25243839	-0.09656814	0.09656814	0.937182986	-1.389845725	-0.039627324	0.398531716	0.115720867	0.562432861	0.187999601	-0.408794226	-0.749704229	0.685362293	0.015379505	ECU	Domesticated	filtered_NewRunLP85_tclust	filtered_SameEarlierALP75_tclust
168	0.620570229	0.480153076	0.571850579	0.501259151	0.155339543	0.682604949	0.647133358	-0.129144285	0.173895796	0.19960097	0.36231976	0.098035605	0.110996216	-0.110996216	-0.471347343	-1.305835527	0.505784625	-0.119049241	0.765396488	-0.516894982	0.266926058	0.34494505	-0.013308117	-0.254542747	0.408140827	ECU	Domesticated	filtered_NewRunLP87_tclust	filtered_NewRunDP99_tclust
169	0.640711867	0.46783976	0.586560405	0.494237641	0.46332318	0.627000962	0.686412855	0.198536156	0.360561689	0.494038245	0.464795726	0.499918817	1.486058152	-1.486058152	-0.086118524	-0.390408501	0.423694137	-0.107731813	-0.049254007	-0.136863059	-0.157378161	-0.217986951	0.027688573	-0.323724627	0.109582372	ECU	Domesticated	filtered_NewRunLP87_tclust	filtered_NewRunLP47_tclust
170	0.434910569	0.486018527	0.474552793	0.45879483	0.406672602	0.455690482	0.46404164	0.335285733	0.401299306	0.409345438	0.372231603	0.403865926	0.646150727	-0.646150727	0.550193681	0.214006975	0.071308089	0.166519907	0.07352305	-0.277482804	-0.054581721	-0.114481666	0.123822211	0.08335492	0.004147925	ECU	Domesticated	filtered_NewRunLP87_tclust	filtered_NewRunLP49_tclust
171	0.77582562	0.612297401	0.588879541	0.603033575	0.595959717	0.642318849	0.920569785	0.512553971	0.52681676	0.56090115	0.548415195	0.578668697	2.77959046	-2.77959046	-0.134894807	0.017390504	1.046480405	0.014520318	0.057124697	0.072543038	-0.135230404	-0.024141763	-0.105929815	-0.054097375	0.082597801	ECU	Domesticated	filtered_NewRunLP87_tclust	filtered_NewRunLP74_tclust
172	0.72715458	0.727811654	0.759429221	0.655951408	0.791713029	0.811279681	0.671128798	0.50340338	0.606029103	0.603605344	0.781677627	0.690573025	3.578517755	-3.578517755	0.170886543	-0.224428911	-0.242522226	0.238618661	0.218531582	0.221010367	-0.101435152	-0.331522453	-0.032856477	-0.082083157	-0.088329649	ECU	Domesticated	filtered_NewRunLP87_tclust	filtered_NewRunLP85_tclust
173	0.903090605	0.571336414	0.598564612	0.458227616	0.615735676	0.710551791	0.532702932	0.133146221	0.268188035	0.305491307	0.548029228	0.37686272	1.513087609	-1.513087609	-0.9675843	-0.478831296	-0.271034006	0.183392095	0.533794535	0.453507393	-0.105526969	-0.100900707	-0.051766449	-0.213756551	0.16984301	ECU	Domesticated	filtered_NewRunLP87_tclust	filtered_NewRunPU167_tclust
174	0.633970107	0.553718449	0.540120715	0.65620512	0.651950108	0.560868242	0.616539286	0.502187851	0.53389023	0.593556559	0.537525884	0.559529881	2.290326331	-2.290326331	0.29478064	0.411622275	0.121150406	0.102310141	-0.164192597	-0.018441848	0.113280753	-0.094548098	-0.228503979	-0.002725213	-0.014021406	ECU	Domesticated	filtered_NewRunLP87_tclust	filtered_NewRunPU170_tclust
175	0.978432576	0.490443433	0.667995325	0.580638698	0.541250305	0.646995817	0.574066885	0.016322921	0.256275764	0.313576088	0.391581025	0.654670614	1.627727532	-1.627727532	-1.30647494	-0.356244688	-0.03993212	-0.39907191	0.136074031	0.08328866	0.28922134	-0.764505923	0.209463111	-0.255451493	0.255489759	ECU	Domesticated	filtered_NewRunLP87_tclust	filtered_SameEarlierALP68_tclust
176	0.494113323	0.554251105	0.530178919	0.680129092	0.44138471	0.636741364	0.390671806	0.105935234	0.306767834	0.382832708	0.457140327	0.675634006	1.232947391	-1.232947391	0.287040383	-0.179549403	-0.478593859	-0.259022088	0.266169915	-0.500162262	0.377528985	-0.988676235	-0.218868025	-0.057057667	0.223741365	ECU	Domesticated	filtered_NewRunLP87_tclust	filtered_SameEarlierALP75_tclust
177	0.44271154	0.354055893	0.506042111	0.538960098	0.405587812	0.418285839	0.571380591	0.125610993	0.405942953	0.465344221	0.39580589	0.199394079	0.453048834	-0.453048834	0.421247718	-0.281343173	0.267782847	-0.095553835	-0.270559545	-0.237304532	0.283676869	0.475230261	-0.138220125	-0.125233914	-0.155208037	ECU	Domesticated	filtered_NewRunPU167_tclust	filtered_NewRunDP99_tclust
178	0.992917262	0.354913663	0.55723058	0.46255696	0.524822877	0.590802966	0.634575914	0.132711883	0.571540838	0.536439768	0.528562553	0.546321328	1.825667985	-1.825667985	-1.125340519	-0.283216209	0.150436486	-0.039609664	-0.73533117	-0.030839582	-0.361489001	-0.084524448	-0.031688174	0.11336238	-0.001128995	ECU	Domesticated	filtered_NewRunPU167_tclust	filtered_NewRunLP47_tclust
179	0.766103291	0.549304653	0.705769432	0.51976932	0.625600023	0.707628759	0.522597706	0.201666654	0.566079543	0.386452017	0.673255219	0.475902053	2.12104144	-2.12104144	-0.352688762	-0.641600787	-0.450057311	0.296611731	0.051732682	0.18337141	-0.023190359	-0.116921984	0.138737105	0.173815391	-0.1253102	ECU	Domesticated	filtered_NewRunPU167_tclust	filtered_NewRunLP49_tclust
180	0.873420789	0.660843688	0.87337567	0.615806942	0.749129843	0.916876729	0.812844406	0.532004991	0.705467164	0.608778379	0.836366497	0.754904172	4.115499548	-4.115499548	-0.25533287	-0.622214923	0.120166885	0.41573729	-0.053812926	0.143475675	-0.253080145	-0.344356657	0.250454072	-0.098711297	-0.027801385	ECU	Domesticated	filtered_NewRunPU167_tclust	filtered_NewRunLP74_tclust
181	0.947263626	0.504410102	0.547492762	0.531282131	0.616447487	0.643417218	0.571859997	0.524388027	0.527296363	0.607776439	0.612856676	0.54747002	2.440767377	-2.440767377	-0.701130958	0.35901455	-0.048256322	0.474090296	-0.261964549	-0.036869383	-0.357475933	-0.001679166	-0.161301757	-0.053461208	0.059091741	ECU	Domesticated	filtered_NewRunPU167_tclust	filtered_NewRunLP85_tclust
182	0.850590724	0.611917783	0.805693735	0.558582127	0.680436722	0.886651043	0.632819183	0.091707369	0.47576164	0.220523159	0.761418403	0.503646807	2.529129483	-2.529129483	-0.710117293	-1.314778072	-0.341175911	0.331572907	0.498017703	0.493743213	0.184608713	-0.376418165	0.132064493	0.041620709	0.022588268	ECU	Domesticated	filtered_NewRunPU167_tclust	filtered_NewRunLP87_tclust
183	0.956268948	0.589208594	0.679170631	0.542872105	0.643749399	0.779393525	0.638667343	0.481575068	0.533869412	0.56356612	0.695331005	0.497248476	2.861258618	-2.861258618	-0.71192092	-0.175036	-0.080592502	0.519475707	0.079228895	0.073079077	-0.306438518	0.12136476	-0.017236577	-0.139727171	0.094637595	ECU	Domesticated	filtered_NewRunPU167_tclust	filtered_NewRunPU170_tclust
184	0.656345227	0.537778114	0.792673002	0.623481173	0.778111857	0.580740887	0.623994537	0.211164521	0.556000636	0.575087977	0.573345805	0.676587362	2.594491941	-2.594491941	0.113487145	-0.227338657	-0.244050111	-0.385252705	-0.355065177	0.3278932	0.232698952	-0.391247332	0.287638844	-0.180228398	-0.339583711	ECU	Domesticated	filtered_NewRunPU167_tclust	filtered_SameEarlierALP68_tclust
185	0.913292311	0.562304981	0.76038161	0.555773153	0.713293343	0.645280676	0.526326764	0.231805725	0.671541509	0.417427757	0.694980033	0.524779597	2.566489808	-2.566489808	-0.707922439	-0.431694085	-0.543256587	0.211930224	-0.140231027	0.312449775	0.062026752	-0.040402407	0.249583546	0.354727357	-0.314911986	ECU	Domesticated	filtered_NewRunPU167_tclust	filtered_SameEarlierALP75_tclust
186	0.637744762	0.520930431	0.522694078	0.508007466	0.421994241	0.532598157	0.756396439	0.124241335	0.421619684	0.3835287	0.424553508	0.192672224	1.0212978	-1.0212978	-0.123886126	-0.552925003	0.715777999	-0.161879654	0.251763422	0.008700852	0.057186004	0.572032012	-0.117624939	0.067873321	0.033372322	ECU	Domesticated	filtered_NewRunPU170_tclust	filtered_NewRunDP99_tclust
187	0.744221866	0.495771473	0.581611978	0.512573409	0.677688923	0.510579227	0.77693972	0.246640748	0.470220298	0.387454739	0.446003084	0.509624674	1.817528685	-1.817528685	-0.308577114	-0.112663442	0.636135874	-0.188648066	-0.137655045	0.576957456	0.084785408	-0.132813948	0.087297019	0.056076865	-0.09142724	ECU	Domesticated	filtered_NewRunPU170_tclust	filtered_NewRunLP47_tclust
188	0.213087218	0.403019926	0.467181498	0.398835566	0.318201455	0.399242528	0.222246393	0.034468704	0.326919169	0.199369104	0.31045136	0.199172251	-0.742843013	0.742843013	0.889401264	-0.285938762	-0.583778638	0.16955959	0.213037826	-0.272065658	0.258096226	-0.051992577	0.236914181	0.219853294	-0.073524336	ECU	Domesticated	filtered_NewRunPU170_tclust	filtered_NewRunLP49_tclust
189	0.441892994	0.157824865	0.453664333	0.303611705	0.841754192	0.559548314	0.933715383	-0.218717112	0.37656447	0.266952914	0.386310496	0.347207812	0.565697994	-0.565697994	0.254079557	-1.216903741	1.011619501	-0.441127113	-0.91291278	1.676282371	-0.048195665	-0.156510791	-0.224773767	-0.292898539	0.045729745	ECU	Domesticated	filtered_NewRunPU170_tclust	filtered_NewRunLP74_tclust
190	0.587621751	0.626323038	0.598918689	0.594707592	0.572480546	0.76406415	0.612500281	0.540434618	0.578299974	0.525819416	0.730674158	0.56463769	2.615848524	-2.615848524	0.457775384	-0.199255539	-0.020313115	0.603460016	0.186018944	-0.200839951	-0.190328688	-0.223139028	-0.202467527	0.081146161	0.038140397	ECU	Domesticated	filtered_NewRunPU170_tclust	filtered_NewRunLP85_tclust
191	0.531876916	0.365231017	0.570643201	0.501128734	0.807616249	0.551861992	0.565625537	0.292675849	0.492405963	0.463492569	0.450388747	0.424963947	1.496258535	-1.496258535	0.396566395	-0.008982232	-0.111681487	0.120722635	-0.549634374	0.772101075	0.178792006	-0.001970191	0.035676936	-0.169214982	0.016094448	ECU	Domesticated	filtered_NewRunPU170_tclust	filtered_NewRunLP87_tclust
192	0.883919286	0.61116238	0.590431861	0.343274247	0.406235266	0.540443022	0.471556395	0.156024536	0.286305923	0.28518961	0.439947562	0.409947754	0.937615929	-0.937615929	-0.989807758	-0.160190111	-0.11460669	0.08849197	0.636093496	-0.03314031	-0.386534208	-0.169835941	0.381789457	0.060835691	-0.050698443	ECU	Domesticated	filtered_NewRunPU170_tclust	filtered_NewRunPU167_tclust
193	0.967594339	0.553354965	0.590838189	0.54475123	0.572049011	0.555231594	0.609739231	0.245630874	0.543966294	0.52320027	0.435349748	0.520547788	2.040820711	-2.040820711	-0.923159125	0.132767238	0.070050755	-0.24266885	-0.155250063	0.000524249	-0.127212228	0.051064718	0.117113152	0.198439016	0.0847243	ECU	Domesticated	filtered_NewRunPU170_tclust	filtered_SameEarlierALP68_tclust
194	0.429053101	0.442530545	0.516877435	0.596816522	0.410505276	0.407240324	0.258560004	0.126025662	0.449620481	0.323544657	0.40336974	0.332777969	0.323959658	-0.323959658	0.438844716	0.004149695	-0.685314811	0.044608754	-0.013466409	-0.415970121	0.543550158	-0.065772212	0.017201744	0.325621643	-0.161506485	ECU	Domesticated	filtered_NewRunPU170_tclust	filtered_SameEarlierALP75_tclust
195	0.302620599	0.544219684	0.436629414	0.384269607	0.504211756	0.391256784	0.596958509	-0.067935322	0.413767845	0.430139327	0.291785521	0.532916501	0.441648887	-0.441648887	0.846104697	-0.201402077	0.27956048	-0.866385211	-0.050954994	0.184733384	-0.310946741	-0.47907378	0.073823975	0.216737521	-0.138480994	ECU	Domesticated	filtered_SameEarlierALP68_tclust	filtered_NewRunDP99_tclust
196	1.154364942	0.630678998	0.433973582	0.496261316	0.716441132	0.348290425	0.656948373	-0.13432717	0.347384318	0.460406663	0.170991674	0.503609565	1.307720248	-1.307720248	-1.721517056	0.482850208	0.227170242	-1.383811511	0.055064491	0.751345015	-0.135116841	0.000548099	-0.086789398	0.248276455	0.1184296	ECU	Domesticated	filtered_SameEarlierALP68_tclust	filtered_NewRunLP47_tclust
197	0.986610932	0.529276812	0.571934159	0.516955917	0.470409716	0.566610094	0.31881174	0.035339042	0.437431542	0.383319546	0.408661078	0.517270571	1.227407484	-1.227407484	-1.246084986	-0.014632862	-0.764856134	-0.209005012	0.039657877	-0.241397819	-0.030410322	-0.297534756	0.161567336	0.292109614	0.15717897	ECU	Domesticated	filtered_SameEarlierALP68_tclust	filtered_NewRunLP49_tclust
198	1.11039992	0.768207414	0.719753513	0.732093816	0.956117778	0.633195472	0.881550528	0.432018134	0.660234501	0.672970634	0.606418854	0.677779747	4.03844407	-4.03844407	-0.918108642	0.321305433	0.342607283	-0.536536182	-0.002118371	0.736821181	0.067483895	0.11169493	-0.101456934	0.107352347	-0.105155829	ECU	Domesticated	filtered_SameEarlierALP68_tclust	filtered_NewRunLP74_tclust
199	1.098877037	0.872702596	0.901843538	0.948608587	0.915083591	0.875415536	0.831973426	0.78261283	0.928414025	0.812803554	0.831451829	0.759445081	5.539684568	-5.539684568	-0.484780084	0.232859312	-0.074174609	0.103472821	0.035415916	-0.006846558	0.30076413	0.244675704	-0.023040484	0.266920471	0.046530643	ECU	Domesticated	filtered_SameEarlierALP68_tclust	filtered_NewRunLP85_tclust
200	0.998671362	0.651639939	0.596734284	0.685573761	0.787882284	0.676556854	0.371973271	-0.183846106	0.473961746	0.506012071	0.624035071	0.660650396	2.314589941	-2.314589941	-1.123177833	-0.361001803	-1.261720672	-0.779342097	0.028780789	0.332653591	0.116123419	-0.562018809	-0.485586789	0.202773754	-0.036070735	ECU	Domesticated	filtered_SameEarlierALP68_tclust	filtered_NewRunLP87_tclust
201	0.542785301	0.781857123	0.667435549	0.850406938	0.820950224	0.448645236	0.586461045	0.119508908	0.579612427	0.630164596	0.304690271	0.671035812	2.489751828	-2.489751828	0.584707427	0.443359365	-0.331793328	-1.409611991	0.096814788	0.220785158	0.735082329	-0.249107934	0.033253154	0.229375398	-0.033135088	ECU	Domesticated	filtered_SameEarlierALP68_tclust	filtered_NewRunPU167_tclust
202	1.164860281	0.588918117	0.698737584	0.737171615	0.805941166	0.679638648	0.566374061	0.425819276	0.654870982	0.705418435	0.566966121	0.633789274	3.422083648	-3.422083648	-1.208114711	0.447984081	-0.479239694	-0.128975574	-0.407357583	0.122681671	0.13428856	0.108602855	-0.053841202	0.03379278	0.162535651	ECU	Domesticated	filtered_SameEarlierALP68_tclust	filtered_NewRunPU170_tclust
203	0.965928118	0.550795775	0.501290968	0.683940782	0.543225716	0.379555555	0.388229313	0.098716105	0.322824651	0.476549246	0.463148357	0.458320203	1.318178504	-1.318178504	-1.121323004	0.463968378	-0.521928664	-0.428866373	0.11530372	-0.198136333	0.382095162	-0.06614706	-0.38922546	0.050312198	-0.272313333	ECU	Domesticated	filtered_SameEarlierALP68_tclust	filtered_SameEarlierALP75_tclust
204	0.65285129	0.590906422	0.549505807	0.555937164	0.337656567	0.477323137	0.795298523	0.076402554	0.449139679	0.655552893	0.422056654	0.532441409	1.608685708	-1.608685708	-0.060402283	-0.248968962	0.787509189	-0.848219831	-0.029869258	-0.619557914	-0.302484806	-0.010368683	-0.102359012	-0.059358227	-0.157699395	ECU	Domesticated	filtered_SameEarlierALP75_tclust	filtered_NewRunDP99_tclust
205	0.832061495	0.515347046	0.497030222	0.465886581	0.419436566	0.345338726	0.653933315	0.124277369	0.433852093	0.617498879	0.24984112	0.626712477	1.258869086	-1.258869086	-0.652101381	0.472606665	0.538060414	-0.880213213	-0.347395966	-0.333396833	-0.38277919	-0.241230493	0.203656247	0.064981875	-0.081291334	ECU	Domesticated	filtered_SameEarlierALP75_tclust	filtered_NewRunLP47_tclust
206	0.561539675	0.566928252	0.637761975	0.614219646	0.54410477	0.574012868	0.529379049	0.441816539	0.603476923	0.601928296	0.516904567	0.645275426	2.207394493	-2.207394493	0.479283927	0.232330463	-0.138814618	0.019914328	-0.216364209	-0.399578347	0.005834125	-0.314018599	0.181698988	0.110882423	-0.06148206	ECU	Domesticated	filtered_SameEarlierALP75_tclust	filtered_NewRunLP49_tclust
207	0.713332516	0.767139988	0.747399333	0.801440081	0.939957207	0.732542809	1.004443224	0.675317412	0.680265954	0.866191555	0.705779019	0.795540762	4.574972749	-4.574972749	0.53317365	0.278469925	0.704264493	-0.342530636	-0.137105695	0.395509642	0.00161272	-0.10469359	-0.237700019	-0.311059996	-0.097621313	ECU	Domesticated	filtered_SameEarlierALP75_tclust	filtered_NewRunLP74_tclust
208	0.676907316	0.76328851	0.708273982	0.862433264	0.828461408	0.768044391	0.701890521	0.430992817	0.734031844	0.585440453	0.755479971	0.688930993	3.779170497	-3.779170497	0.394017211	-0.194332791	-0.214187459	-0.111088789	0.138208287	0.15486095	0.452131965	-0.248057542	-0.360370888	0.318010005	-0.043840643	ECU	Domesticated	filtered_SameEarlierALP75_tclust	filtered_NewRunLP85_tclust
209	0.622421839	0.665591116	0.780489347	0.792976494	0.772934686	0.729784025	0.660427038	0.410632725	0.506464414	0.73642212	0.648072241	0.805729799	3.444153962	-3.444153962	0.443639153	0.013330301	-0.236954223	-0.35360879	-0.063300098	-0.079548198	0.275039254	-0.593464753	-0.074581554	-0.465031281	-0.063759919	ECU	Domesticated	filtered_SameEarlierALP75_tclust	filtered_NewRunLP87_tclust
210	0.756099509	0.882797114	0.762681368	0.852373332	0.729049714	0.616840153	0.670149726	0.378131143	0.621058333	0.747121807	0.534884455	0.792061535	3.63343834	-3.63343834	0.134778439	0.387558972	-0.184062794	-0.886994429	0.326855103	-0.26196777	0.293578774	-0.31727427	0.041085902	0.092466226	-0.08140188	ECU	Domesticated	filtered_SameEarlierALP75_tclust	filtered_NewRunPU167_tclust
211	0.625517324	0.640561991	0.637270621	0.757896622	0.668925391	0.532625369	0.545145317	0.442567644	0.607517352	0.776414917	0.518222719	0.662299217	2.739304921	-2.739304921	0.443825232	0.581336429	-0.295045657	-0.405458083	-0.259253571	-0.350550497	0.18717755	-0.113443609	-0.108982248	-0.031246114	-0.125344211	ECU	Domesticated	filtered_SameEarlierALP75_tclust	filtered_NewRunPU170_tclust
212	0.906412785	0.64770382	0.594722728	0.632160946	0.718700907	0.433558422	0.663615283	0.209992033	0.466330396	0.533309797	0.433692549	0.517445826	2.170754196	-2.170754196	-0.69491784	0.360925866	0.128844737	-0.643703834	0.082632374	0.368804239	0.17514807	0.072966178	-0.059656204	0.095815639	-0.216865971	ECU	Domesticated	filtered_SameEarlierALP75_tclust	filtered_SameEarlierALP68_tclust
213	0.45904298	0.692221663	0.350820153	0.591925737	0.613968383	0.368759299	0.369811244	0.061915338	0.345480261	0.639811224	0.227207149	0.373032905	0.698996293	-0.698996293	0.589220408	0.721044309	-0.553867182	-1.041326347	0.280117025	0.022244512	-0.017755263	0.160571358	-0.418375	0.061401769	0.126986345	Chicago	Domesticated	FiltTry1_BL2PU2_tclust.xls	FiltTry1_NB_tclust.xls
214	0.740659782	0.746858649	0.818096578	0.784455485	0.842836458	0.813800933	0.753477949	0.715139082	0.738288767	0.719139333	0.741556269	0.728937795	4.287535982	-4.287535982	0.371999511	0.126461137	-0.019795988	0.230903469	0.013821626	0.091883474	0.15193971	-0.112757629	0.070979805	-0.050183329	0.023956725	Chicago	Domesticated	FiltTry1_BL2PU2_tclust.xls	FiltTry1_OR286BK100_tclust.xls
215	0.807295376	0.830496969	0.861464916	0.815519018	0.865812951	0.879665259	0.831434682	0.76757588	0.786455247	0.795104566	0.802584325	0.754308736	4.876087991	-4.876087991	0.296366406	0.071528588	0.074009802	0.187120222	0.128697046	0.048801262	0.034711995	-0.005710141	0.039593866	-0.064584651	0.041099312	Chicago	Domesticated	FiltTry1_BL2PU2_tclust.xls	FiltTry1_Pi4_tclust.xls
216	0.797907684	0.71498712	0.744786993	0.728698249	0.767910687	0.730815697	0.743739847	0.715224586	0.702935388	0.675277475	0.727878733	0.697846697	3.904048352	-3.904048352	0.112001352	0.268038644	0.136216208	0.320239308	0.016041473	0.018947923	0.031745513	-0.091830392	0.013410112	0.048274412	-0.080724176	Chicago	Domesticated	FiltTry1_BL2PU2_tclust.xls	FiltTry1_Pi9BK12_tclust.xls
217	0.837264231	0.768017131	0.799815204	0.832301651	0.876046267	0.825411266	0.876683082	0.746456555	0.803948636	0.733347645	0.825276118	0.739689256	4.753135542	-4.753135542	0.157782279	0.062438676	0.281715861	0.24704145	-0.024938371	0.171033683	0.154872812	-0.011609243	-0.149278787	0.076819782	-0.057647147	Chicago	Domesticated	FiltTry1_BL2PU2_tclust.xls	FiltTry1_RB200_tclust.xls
218	0.416969106	0.503980293	0.552457675	0.454478007	0.317239937	0.59517193	0.500942578	0.191558171	0.685399262	0.36490069	0.596318679	0.384868859	1.091956545	-1.091956545	0.638261307	-0.717667535	-0.071109147	0.363261682	-0.062245186	-0.54834256	-0.210126836	0.007428623	0.109415391	0.653358199	-0.154924169	Chicago	Domesticated	FiltTry1_BL2PU2_tclust.xls	FiltTry1_Re194_tclust.xls
219	0.822209013	0.775472161	0.823483177	0.820165174	0.856617099	0.844720487	0.84266365	0.764415751	0.790663985	0.767106788	0.846246943	0.791746743	4.821051275	-4.821051275	0.214590994	0.07838666	0.164787953	0.277397201	-0.023618707	0.046788421	0.062073402	-0.144825437	-0.090422079	-0.005210062	-0.078781845	Chicago	Domesticated	FiltTry1_BL2PU2_tclust.xls	FiltTry1_YE93_tclust.xls
220	0.575369994	0.368212585	0.635009101	0.513907125	0.593900175	0.593115302	0.461774068	0.249244054	0.466873758	0.473865572	0.374328501	0.358346388	1.1736181	-1.1736181	0.161343635	-0.136507859	-0.315452545	0.125034002	-0.393863462	0.113191107	0.219039763	0.153139236	0.297345468	-0.214766067	0.21528564	Chicago	Domesticated	FiltTry1_NB_tclust.xls	FiltTry1_BL2PU2_tclust.xls
221	0.529707897	0.437545675	0.67467199	0.54735378	0.608560646	0.502424101	0.496965945	0.256326803	0.541873163	0.452203898	0.452491155	0.344744946	1.350323867	-1.350323867	0.354022706	-0.158008301	-0.251169665	0.07008737	-0.276970583	0.126381819	0.33602832	0.254271088	0.311837266	0.013205753	-0.170131016	Chicago	Domesticated	FiltTry1_NB_tclust.xls	FiltTry1_OR286BK100_tclust.xls
222	0.983362517	0.983517571	0.972329787	0.957660364	0.96970654	0.996986595	0.953228781	0.934626878	0.912358868	0.924762755	0.959274154	0.945182934	6.392879195	-6.392879195	0.060040752	0.158514917	0.130974299	0.154575063	0.226228739	-0.032171183	0.033543263	-0.137825462	-0.028869196	-0.020414919	0.001857755	Chicago	Domesticated	FiltTry1_NB_tclust.xls	FiltTry1_Pi4_tclust.xls
223	0.821381464	0.80686586	0.796091336	0.837391858	0.808768784	0.798506945	0.759780696	0.763069454	0.746816856	0.722823975	0.783274967	0.76412644	4.513275127	-4.513275127	0.167022948	0.272876519	0.021921316	0.244807135	0.164093189	-0.081730753	0.175810883	-0.149829034	-0.060662723	0.071401031	-0.034697545	Chicago	Domesticated	FiltTry1_NB_tclust.xls	FiltTry1_Pi9BK12_tclust.xls
224	0.672133823	0.646494462	0.821508437	0.733857257	0.908359923	0.855836813	0.682042878	0.463466907	0.663768345	0.646191813	0.682145227	0.515133691	3.573433869	-3.573433869	0.385717396	-0.369088451	-0.367944388	0.123328842	-0.055362414	0.495127348	0.308744831	0.215965486	0.033563217	-0.236167053	0.173065919	Chicago	Domesticated	FiltTry1_NB_tclust.xls	FiltTry1_RB200_tclust.xls
225	0.295053786	0.292309716	0.48409133	0.389027915	0.425543679	0.338633181	0.269445301	-0.040290189	0.288633397	0.291262787	0.271955084	0.083703207	-0.833261104	0.833261104	0.614072466	-0.258089073	-0.537106438	-0.012232601	-0.152520339	0.062145885	0.325743429	0.35890884	0.174386832	-0.097592125	-0.162193558	Chicago	Domesticated	FiltTry1_NB_tclust.xls	FiltTry1_Re194_tclust.xls
226	0.911351039	0.851264035	0.844984692	0.872877453	0.892546319	0.83352037	0.819183783	0.813872583	0.798290249	0.786135159	0.819387269	0.82108125	5.098814693	-5.098814693	0.014378928	0.333237086	0.050991811	0.174332063	0.124400855	0.037374634	0.152478845	-0.123915083	-0.04450039	0.051032607	-0.040971799	Chicago	Domesticated	FiltTry1_NB_tclust.xls	FiltTry1_YE93_tclust.xls
227	0.725318559	0.410563907	0.630548709	0.695671246	0.53617073	0.61398757	0.599092878	0.247645843	0.547905821	0.447215943	0.485236708	0.506675643	1.894865407	-1.894865407	-0.249344249	-0.256654675	0.061602892	0.015407343	-0.387020112	-0.206688696	0.519090277	-0.115467037	-0.026131029	0.066505607	0.132049109	Chicago	Domesticated	FiltTry1_OR286BK100_tclust.xls	FiltTry1_BL2PU2_tclust.xls
228	0.460447125	0.174931606	0.536158757	0.367452168	0.503931187	0.453607321	0.324136321	0.088364406	0.463452835	0.30488468	0.386275431	0.183653392	-0.111992153	0.111992153	0.232685484	-0.389253094	-0.493231954	0.454578965	-0.697759495	0.20835861	0.19572041	0.274093661	0.265192408	0.02590601	-0.086045808	Chicago	Domesticated	FiltTry1_OR286BK100_tclust.xls	FiltTry1_NB_tclust.xls
229	0.906211227	0.674823696	0.74736738	0.634083439	0.79415423	0.701654909	0.627647566	0.453358107	0.713668272	0.741763635	0.548589905	0.576589464	3.349033941	-3.349033941	-0.333607384	0.224856074	-0.318122752	-0.184194349	-0.22034931	0.179234093	-0.155852848	0.285260521	0.233299029	0.047033622	0.12565908	Chicago	Domesticated	FiltTry1_OR286BK100_tclust.xls	FiltTry1_Pi4_tclust.xls
230	0.584855389	0.181380426	0.428448698	0.358357645	0.540873318	0.316359666	0.317665082	0.170473137	0.245825579	0.383733151	0.251384474	0.260937041	-0.338055181	0.338055181	-0.172135612	0.424227472	-0.305038597	0.196106265	-0.628370177	0.30704921	0.104178194	0.087989132	0.1225016	-0.341340085	-0.063448499	Chicago	Domesticated	FiltTry1_OR286BK100_tclust.xls	FiltTry1_Pi9BK12_tclust.xls
231	0.919212909	0.683800029	0.800401562	0.790806821	0.677917387	0.772934257	0.757384909	0.5735179	0.68365104	0.637384477	0.710324248	0.702460455	3.898556467	-3.898556467	-0.384173319	-0.051820752	0.145797436	0.152349343	0.008208024	-0.234815445	0.239082267	-0.12790434	0.048776645	0.029474661	0.013993961	Chicago	Domesticated	FiltTry1_OR286BK100_tclust.xls	FiltTry1_RB200_tclust.xls
232	0.608118909	0.206883835	0.555735475	0.411359267	0.373767405	0.328811096	0.225448559	0.027745884	0.214748204	0.170009933	0.288590563	0.201449498	-0.677385448	0.677385448	-0.468922627	-0.10108459	-0.548955627	0.30694416	-0.214518356	-0.070537535	0.538422648	-0.002815634	0.393903105	-0.154720199	-0.198879461	Chicago	Domesticated	FiltTry1_OR286BK100_tclust.xls	FiltTry1_Re194_tclust.xls
233	0.69285951	0.479087715	0.488798594	0.546874668	0.649887867	0.64755859	0.64027423	0.329493271	0.566447698	0.371443249	0.632219888	0.474704353	1.929994274	-1.929994274	-0.074367571	-0.273677124	0.154468778	0.420432066	-0.157744351	0.358668715	-0.003278882	-0.142798535	-0.348531237	0.305418479	0.023658715	Chicago	Domesticated	FiltTry1_OR286BK100_tclust.xls	FiltTry1_YE93_tclust.xls
234	0.485800137	0.778582887	0.694709234	0.71648402	0.513895389	0.680417646	0.692894973	0.2865419	0.347162542	0.816625827	0.557708239	0.612802176	2.617620292	-2.617620292	0.730204775	-0.118676656	0.076371134	-0.710477795	0.500930372	-0.632175602	-0.100179572	-0.17229916	-0.200158257	-0.654050214	-0.028013774	Chicago	Domesticated	FiltTry1_Pi4_tclust.xls	FiltTry1_BL2PU2_tclust.xls
235	0.407927171	0.503139524	0.476918318	0.42524668	0.556489468	0.53040425	0.379837909	0.224845085	0.295528902	0.707657144	0.460187435	0.280773217	0.790838406	-0.790838406	0.727524854	0.163630064	-0.577213188	-0.083337067	-0.014390783	-0.08004731	-0.455308797	0.334906378	-0.252399118	-0.572539042	-0.041312454	Chicago	Domesticated	FiltTry1_Pi4_tclust.xls	FiltTry1_NB_tclust.xls
236	0.638637944	0.785154373	0.79000031	0.453787512	0.733594525	0.319063489	0.279903033	0.108667965	0.425409278	0.851040806	0.234393501	0.371946965	1.483874882	-1.483874882	0.196161397	0.780745394	-1.223198878	-1.237680499	0.225991272	0.109799996	-0.309825056	0.625557921	0.810360182	-0.365061343	-0.407288433	Chicago	Domesticated	FiltTry1_Pi4_tclust.xls	FiltTry1_OR286BK100_tclust.xls
237	0.348871746	0.63669082	0.54474015	0.565161171	0.738497018	0.426476529	0.274430191	0.077924049	0.527369905	0.628878274	0.275717601	0.235813516	0.877200795	-0.877200795	1.01522571	0.353774233	-1.108436283	-0.748306455	0.017406434	0.296016562	0.184734698	0.596543062	0.064949624	0.123894382	0.020991094	Chicago	Domesticated	FiltTry1_Pi4_tclust.xls	FiltTry1_Pi9BK12_tclust.xls
238	0.742096348	0.900845182	0.831791105	0.719072545	0.772932576	0.758780233	0.731553735	0.591265479	0.648262603	0.855678277	0.67660158	0.636192681	4.056096406	-4.056096406	0.353786853	0.190080621	-0.138730589	-0.282137051	0.426567488	-0.10321962	-0.214633196	0.226737457	0.144650946	-0.222970086	-0.070642335	Chicago	Domesticated	FiltTry1_Pi4_tclust.xls	FiltTry1_RB200_tclust.xls
239	0.327738114	0.307198504	0.455882758	0.349639781	0.377483434	0.338552293	0.22107471	0.030440886	0.251590517	0.360530062	0.24232976	0.273524269	-0.735365372	0.735365372	0.541868984	0.081313006	-0.582732238	-0.050381126	-0.21757082	-0.184878104	0.031709218	-0.102345227	0.25936164	-0.16941178	-0.094223549	Chicago	Domesticated	FiltTry1_Pi4_tclust.xls	FiltTry1_Re194_tclust.xls
240	0.31129388	0.661683006	0.676570503	0.675282291	0.72128066	0.480907723	0.438530255	0.188013603	0.360838657	0.840536645	0.516828716	0.473864597	1.862485764	-1.862485764	1.225432719	0.229656738	-0.780311453	-0.782064693	0.064831611	-0.100293846	0.134647736	0.094036245	-0.178345786	-0.676235992	-0.422139752	Chicago	Domesticated	FiltTry1_Pi4_tclust.xls	FiltTry1_YE93_tclust.xls
241	0.423779104	0.113945584	0.288780511	0.303771608	0.235372292	0.309784232	0.459377817	0.07104262	0.348545957	0.322001293	0.388967867	0.26536218	-0.784819042	0.784819042	0.188213973	-0.205792573	0.396123993	0.380960243	-0.761678466	-0.337428132	-0.223387019	-0.054153226	-0.240286484	0.084703288	-0.257679974	Chicago	Domesticated	FiltTry1_Pi9BK12_tclust.xls	FiltTry1_BL2PU2_tclust.xls
242	0.311432738	0.098183614	0.391629353	0.283970901	0.235263639	0.372950493	0.235579552	-0.023803428	0.29354254	0.135500634	0.289379424	0.064095621	-1.509204299	1.509204299	0.363142805	-0.515156322	-0.313770198	0.59650269	-0.441066177	-0.209691158	0.189341591	0.159378635	0.170657824	0.071291089	-0.018794355	Chicago	Domesticated	FiltTry1_Pi9BK12_tclust.xls	FiltTry1_NB_tclust.xls
243	0.400758737	-0.05615764	0.261980555	0.178863913	0.368649579	0.185398938	0.370352621	-0.171092414	0.136137273	0.367944525	0.198028741	0.174923249	-1.764434714	1.764434714	0.025708772	-0.06854413	0.127830769	-0.076966919	-1.148747333	0.239821224	-0.253307346	0.01912938	-0.143828948	-0.483645219	-0.269677884	Chicago	Domesticated	FiltTry1_Pi9BK12_tclust.xls	FiltTry1_OR286BK100_tclust.xls
244	0.605841589	0.696237831	0.727386549	0.670849199	0.75430108	0.745397146	0.737259054	0.476018659	0.664408523	0.641799954	0.571736287	0.556301287	3.160777838	-3.160777838	0.553314518	-0.124332847	0.099571755	-0.094273309	0.056440942	0.191345048	0.060072672	0.118131126	0.113832745	-0.005253216	0.16112385	Chicago	Domesticated	FiltTry1_Pi9BK12_tclust.xls	FiltTry1_Pi4_tclust.xls
245	0.686749455	0.567048435	0.774598706	0.658723907	0.614022303	0.709131255	0.682999171	0.531110926	0.641187452	0.610171602	0.641421222	0.597590793	3.003569044	-3.003569044	0.194937059	-0.155315008	0.103739389	0.290847518	-0.17800153	-0.226825659	0.112331542	-0.046804336	0.240087228	-0.094706234	-0.050184671	Chicago	Domesticated	FiltTry1_Pi9BK12_tclust.xls	FiltTry1_RB200_tclust.xls
246	0.27148903	0.083434635	0.281063501	0.240534477	0.330385779	0.276265907	0.228652047	-0.074069076	0.154992383	0.189393833	0.112070698	0.12304223	-1.929629147	1.929629147	0.444184962	-0.024974986	-0.231641634	0.153390933	-0.530346527	0.127692824	0.090871481	-0.04172036	0.090335903	-0.158892583	0.121475039	Chicago	Domesticated	FiltTry1_Pi9BK12_tclust.xls	FiltTry1_Re194_tclust.xls
247	0.533753461	0.182576312	0.465528001	0.266397669	0.320717485	0.585923448	0.509718333	0.046339949	0.478721838	0.417267833	0.476045207	0.294010453	0.172861162	-0.172861162	0.00740273	-0.800472702	0.109978688	0.428131023	-0.767001673	-0.221603005	-0.543052725	0.087735785	0.052288679	-0.02423625	0.059956388	Chicago	Domesticated	FiltTry1_Pi9BK12_tclust.xls	FiltTry1_YE93_tclust.xls
248	0.841382984	0.779183125	0.848536014	0.852818415	0.831824751	0.833836658	0.949977735	0.754376267	0.844775236	0.849085272	0.85373724	0.776265617	5.073033727	-5.073033727	0.212377832	-0.008587406	0.451133758	0.103828113	-0.139660215	-0.07307588	0.046657397	0.064482502	-0.118114306	-0.023707715	-0.137064031	Chicago	Domesticated	FiltTry1_RB200_tclust.xls	FiltTry1_BL2PU2_tclust.xls
249	0.494063894	0.67194427	0.603533415	0.506822711	0.546395268	0.556687948	0.580208536	0.287355532	0.446523187	0.724706183	0.645379879	0.319910318	1.833485445	-1.833485445	0.640310335	-0.154320895	-0.173849153	-0.1245585	0.291589137	-0.209408272	-0.441000154	0.501721701	-0.224373537	-0.301235746	-0.402548447	Chicago	Domesticated	FiltTry1_RB200_tclust.xls	FiltTry1_NB_tclust.xls
250	0.810417168	0.700054781	0.825830412	0.849500009	0.823509106	0.775363826	0.910654751	0.45605796	0.716488884	0.798260731	0.777588701	0.517364695	4.184793825	-4.184793825	0.057935512	-0.396688752	0.291189368	-0.220587656	-0.100691249	0.123892917	0.310801829	0.538307343	-0.292388717	-0.229470501	-0.163470969	Chicago	Domesticated	FiltTry1_RB200_tclust.xls	FiltTry1_OR286BK100_tclust.xls
251	1.12987202	1.03057078	1.013296676	1.011193264	1.017650165	1.014947627	1.050834713	1.016914395	0.98694399	0.977279765	1.008227994	1.00903137	7.073821567	-7.073821567	-0.255854355	0.254685352	0.327323825	0.124728771	0.187058365	-0.008936113	0.030522409	-0.084182959	-0.038355889	0.049663056	-0.038773404	Chicago	Domesticated	FiltTry1_RB200_tclust.xls	FiltTry1_Pi4_tclust.xls
252	0.994488905	0.917226484	0.938685798	0.957435887	0.926441107	0.961231817	0.939081768	0.922577968	0.916236747	0.880721013	0.948516952	0.915844085	6.136395897	-6.136395897	-0.039452149	0.157314858	0.192543896	0.25415843	0.100304274	-0.093754281	0.118327959	-0.118087236	-0.072150655	0.053541103	-0.017258278	Chicago	Domesticated	FiltTry1_RB200_tclust.xls	FiltTry1_Pi9BK12_tclust.xls
253	0.437472236	0.426441303	0.705014447	0.468331088	0.576935926	0.6580999	0.50528909	0.248371614	0.377648666	0.484889175	0.558939098	0.369753559	1.343083213	-1.343083213	0.570637623	-0.558813601	-0.309507978	0.309137171	-0.073019055	0.084668637	0.017502055	0.003509203	0.230579495	-0.515866823	-0.092117033	Chicago	Domesticated	FiltTry1_RB200_tclust.xls	FiltTry1_Re194_tclust.xls
254	1.016657285	0.930475432	0.93123917	1.000064616	0.93236949	0.927462816	0.974369012	0.934704364	0.911087377	0.894160646	0.925330656	0.926178006	6.216354249	-6.216354249	-0.088052301	0.273714926	0.320400467	0.138226136	0.108011353	-0.108245042	0.22209588	-0.095066403	-0.118789042	0.057103568	-0.033744054	Chicago	Domesticated	FiltTry1_RB200_tclust.xls	FiltTry1_YE93_tclust.xls
255	0.82888736	0.600093219	0.590705184	0.602181042	0.776644085	0.774682046	0.722781397	0.40783769	0.765780327	0.607956607	0.698198953	0.493139817	3.13171026	-3.13171026	-0.16128647	-0.27298747	0.010504262	0.225023208	-0.283901706	0.388142369	-0.252019791	0.292875266	-0.30802709	0.336534111	0.147067914	Chicago	Domesticated	FiltTry1_Re194_tclust.xls	FiltTry1_BL2PU2_tclust.xls
256	0.492603689	0.508127398	0.409086273	0.476320953	0.682400886	0.340053127	0.255928702	-0.146236266	0.458205536	0.439464355	0.31461167	0.121966866	0.041079353	-0.041079353	0.278902017	0.062906242	-1.020160322	-0.631754623	-0.080475966	0.530229422	0.152223956	0.610639583	-0.253463025	0.351836939	-0.156917713	Chicago	Domesticated	FiltTry1_Re194_tclust.xls	FiltTry1_NB_tclust.xls
257	0.653132208	0.571414871	0.719292137	0.599463276	0.69777095	0.67541896	0.433523825	0.276478462	0.42033755	0.518971786	0.570223016	0.350856216	1.936529521	-1.936529521	0.056088187	-0.226363131	-0.747451349	0.143734891	0.203743841	0.196875477	0.238406394	0.231193907	0.074537451	-0.335507082	-0.006696748	Chicago	Domesticated	FiltTry1_Re194_tclust.xls	FiltTry1_OR286BK100_tclust.xls
258	0.876036734	0.754685788	0.855931492	0.775415459	0.943310473	0.830075669	0.702595	0.636118654	0.790951582	0.814726042	0.734239337	0.664571822	4.493421641	-4.493421641	0.014702259	0.145324155	-0.396267404	0.047143593	-0.141100883	0.285118967	0.058966126	0.222712708	0.093117195	-0.079164143	0.049552797	Chicago	Domesticated	FiltTry1_Re194_tclust.xls	FiltTry1_Pi4_tclust.xls
259	0.719183483	0.545010559	0.65975553	0.474256128	0.920317816	0.723250557	0.47484805	0.379693549	0.51050413	0.487663415	0.5494338	0.426829874	2.239619902	-2.239619902	-0.017084824	-0.006862537	-0.702319538	0.336657263	-0.070360229	0.961222266	-0.096211884	0.0957434	0.156270067	-0.16954345	0.183532803	Chicago	Domesticated	FiltTry1_Re194_tclust.xls	FiltTry1_Pi9BK12_tclust.xls
260	0.871927072	0.950839902	0.921146275	0.892075508	0.982401096	0.886727427	0.82475584	0.642505009	0.856600803	0.874660559	0.794412229	0.89074862	5.446885425	-5.446885425	0.196118494	0.110080072	-0.228082743	-0.383158241	0.147780455	0.163562961	0.078924898	-0.187002694	0.063385318	0.061686935	0.002881556	Chicago	Domesticated	FiltTry1_Re194_tclust.xls	FiltTry1_RB200_tclust.xls
261	0.8526055	0.673863347	0.781171468	0.594313865	0.969445074	0.778719988	0.70709271	0.442422989	0.6195016	0.549504897	0.612894307	0.451666401	3.311635485	-3.311635485	-0.235261826	-0.180890326	-0.215890199	0.110574086	0.102718969	0.9747838	0.056316483	0.358694369	0.19757796	-0.105108332	0.131419187	Chicago	Domesticated	FiltTry1_Re194_tclust.xls	FiltTry1_YE93_tclust.xls
262	0.565734427	0.534772082	0.593452085	0.611004907	0.447629551	0.527158294	0.559022366	0.22385823	0.373026364	0.334766097	0.538060567	0.446376702	1.294635437	-1.294635437	0.106402751	-0.293599925	0.092305219	0.079623512	0.309861704	-0.240061981	0.37437876	-0.24955389	-0.065160478	0.017425722	-0.207791601	Chicago	Domesticated	FiltTry1_YE93_tclust.xls	FiltTry1_BL2PU2_tclust.xls
263	0.423863682	0.355870933	0.557325716	0.529857315	0.493646743	0.456837576	0.432383006	0.254986046	0.379183622	0.35028285	0.464957214	0.293263021	0.578236684	-0.578236684	0.493123273	-0.137253367	-0.178987346	0.355286101	-0.148551311	-0.042735808	0.418167871	0.063657454	0.031758927	-0.119284206	-0.205750753	Chicago	Domesticated	FiltTry1_YE93_tclust.xls	FiltTry1_NB_tclust.xls
264	0.41894984	0.025826438	0.41985014	0.204406534	0.372612578	0.450787099	0.35065972	-0.081464695	0.319397789	0.075492491	0.505749499	0.111508823	-1.065893771	1.065893771	0.012725873	-1.018673976	-0.19742184	0.886487135	-0.65424031	0.335812955	-0.029725138	-0.008778728	-0.002903094	0.023230816	-0.285811401	Chicago	Domesticated	FiltTry1_YE93_tclust.xls	FiltTry1_OR286BK100_tclust.xls
265	0.649161565	0.570296723	0.622254842	0.642223487	0.788110307	0.672610902	0.699057805	0.227527954	0.507825559	0.659021985	0.667445212	0.565608917	2.666214518	-2.666214518	0.206565607	-0.298776117	-0.070770388	-0.279682	-0.208431625	0.377188178	-0.027948661	-0.107675701	-0.414691889	-0.277973652	-0.149815135	Chicago	Domesticated	FiltTry1_YE93_tclust.xls	FiltTry1_Pi4_tclust.xls
266	0.367489513	0.246479293	0.567291631	0.325376903	0.254910066	0.547590214	0.322786418	-0.07589745	0.423548768	0.309799596	0.405843399	0.105289985	-0.471040939	0.471040939	0.381935524	-1.004240625	-0.471030863	0.332017394	-0.311126408	-0.411928944	-0.049058944	0.368097019	0.31726558	-0.002018636	0.004832248	Chicago	Domesticated	FiltTry1_YE93_tclust.xls	FiltTry1_Pi9BK12_tclust.xls
267	0.922226746	0.713788233	0.776760028	0.856545844	0.778000495	0.762552906	0.842722899	0.720187668	0.725268331	0.712289064	0.74753251	0.732007344	4.404401468	-4.404401468	-0.218794478	0.227036999	0.353556209	0.185815951	-0.056333638	-0.081064625	0.294455939	-0.040846623	-0.135253054	0.004950835	-0.019146845	Chicago	Domesticated	FiltTry1_YE93_tclust.xls	FiltTry1_RB200_tclust.xls
268	0.518347061	0.310582446	0.458951802	0.386472193	0.521269946	0.458312275	0.311222314	-0.134387292	0.159773705	0.076010096	0.326676131	0.090024462	-0.72706153	0.72706153	-0.215151525	-0.573496082	-0.52063796	0.148271895	0.214212076	0.591573345	0.449057157	0.09140196	-0.028968307	-0.105339035	0.043252563	Chicago	Domesticated	FiltTry1_YE93_tclust.xls	FiltTry1_Re194_tclust.xls
269	0.457405835	0.599616399	0.441499409	0.692763244	0.565423852	0.489903148	0.648324531	0.287924501	0.669591538	0.575867107	0.424623294	0.320679719	1.655540969	-1.655540969	0.794610115	0.120414459	0.257652126	-0.358066074	-0.107011023	-0.127370512	0.260273106	0.542404252	-0.414995245	0.485527065	0.078218713	Macquarie	Wild	Filtered_SecondRun_WB140_tclust.xls	Filtered_SecondRun_WB154_tclust.xls
270	0.748318376	0.345770803	0.441138107	0.353342148	0.503676393	0.422530188	0.505394889	-0.077079646	0.345032067	0.416482708	0.40153683	0.18530495	0.21338675	-0.21338675	-0.654511856	-0.334875735	-0.060173702	-0.201399691	-0.290491785	0.309842665	-0.251097306	0.448409443	-0.176666135	-0.057065923	-0.154620956	Macquarie	Wild	Filtered_SecondRun_WB140_tclust.xls	Filtered_ThirdRun_WB144_tclust.xls
271	0.525908644	0.533264714	0.579581614	0.505198901	0.487450462	0.590986784	0.475527477	0.281736112	0.533889692	0.603793245	0.508721155	0.435313846	1.519961772	-1.519961772	0.448765383	-0.087822586	-0.306353188	0.025894516	-0.127123242	-0.349857981	-0.25473411	0.094830212	0.050209044	-0.001005314	-0.013347745	Macquarie	Wild	Filtered_SecondRun_WB140_tclust.xls	Filtered_ThirdRun_WB152_tclust.xls
272	0.595118085	0.473173448	0.395123727	0.490883719	0.438390278	0.439340212	0.522396847	0.323204657	0.433390443	0.472533331	0.42946551	0.358157846	0.866410893	-0.866410893	0.10920198	0.300306037	0.193549727	0.134789479	-0.065177473	-0.211174644	-0.140183065	0.139920888	-0.248931298	0.155155548	-0.035794483	Macquarie	Wild	Filtered_SecondRun_WB140_tclust.xls	Filtered_ThirdRun_WB157_tclust.xls
273	0.368304553	0.55019169	0.348336675	0.450879475	0.499128981	0.595501959	0.611458822	0.21576857	0.57923244	0.508838345	0.52585487	0.329565381	1.109793962	-1.109793962	0.916905327	-0.309346613	0.208320579	0.03705006	-0.03288909	0.003186	-0.465316918	0.218104233	-0.49818875	0.387328076	0.114013238	Macquarie	Wild	Filtered_SecondRun_WB140_tclust.xls	Filtered_ThirdRun_Wb158_tclust.xls
274	0.12635292	0.387469669	0.132518728	0.291121202	0.363255151	0.206503949	0.44294297	-0.315130081	0.408076579	0.344182007	0.099619483	-0.031222499	-1.637473719	1.637473719	1.119128213	-0.245005016	0.165719076	-0.874032914	-0.185338448	0.233022797	-0.24117967	0.71630473	-0.430491184	0.589717806	0.024206287	Macquarie	Wild	Filtered_SecondRun_WB140_tclust.xls	Filtered_ThirdRun_WB159_tclust.xls
275	0.575033941	0.630524914	0.788333307	0.682760077	0.671842808	0.706974504	0.694593808	0.557493837	0.782810782	0.632367843	0.607242252	0.571398395	3.183569059	-3.183569059	0.670080997	-0.129808792	0.060867515	0.168620295	-0.197922133	-0.130917119	0.167415613	0.141672738	0.340749454	0.176736424	-0.003737959	Macquarie	Wild	Filtered_SecondRun_WB154_tclust.xls	Filtered_SecondRun_WB140_tclust.xls
276	0.562325823	-0.131318065	0.260886786	0.133581281	-0.020584203	0.095566992	0.246175715	-0.474764561	0.095558623	0.269319796	-0.14468914	0.104367877	-3.033000357	3.033000357	-0.8517853	-0.178941701	0.162994722	-0.616507969	-1.173022647	-0.640409664	-0.162615186	0.096606709	0.395431259	-0.21785659	0.130822855	Macquarie	Wild	Filtered_SecondRun_WB154_tclust.xls	Filtered_ThirdRun_WB144_tclust.xls
277	0.413277365	0.530671701	0.710266547	0.698290074	0.541703261	0.546907609	0.462119048	0.216845357	0.739934412	0.60439062	0.366857107	0.543981488	1.858236809	-1.858236809	0.882512591	-0.065018402	-0.452789892	-0.483839933	-0.478552618	-0.482504563	0.451128375	-0.011049596	0.415525205	0.335700678	0.072105432	Macquarie	Wild	Filtered_SecondRun_WB154_tclust.xls	Filtered_ThirdRun_WB152_tclust.xls
278	0.397548545	0.243601784	0.629249234	0.463605886	0.370481856	0.429764823	0.463091533	0.162133635	0.556530613	0.363855325	0.298847783	0.332498293	0.325457574	-0.325457574	0.518989258	-0.332666202	0.039780063	0.117610325	-0.69575315	-0.330426462	0.35644124	0.103004981	0.597099537	0.1396847	-0.050033291	Macquarie	Wild	Filtered_SecondRun_WB154_tclust.xls	Filtered_ThirdRun_WB157_tclust.xls
279	0.211966031	0.133073833	0.448687919	0.129855699	0.228567163	0.393906714	0.596460206	-0.101365642	0.311247655	0.022137149	0.142296036	0.110051497	-1.505047474	1.505047474	0.607188567	-1.022410192	0.872500958	0.209089072	-0.33158586	0.254249078	-0.069398323	0.048900129	0.670370422	0.11572936	0.123845712	Macquarie	Wild	Filtered_SecondRun_WB154_tclust.xls	Filtered_ThirdRun_Wb158_tclust.xls
280	0.022480927	-0.211440487	0.181727452	0.041531417	0.063531577	0.041420078	0.109763979	-0.32323289	0.046789322	0.109200966	-0.188942194	-0.066172086	-4.076458283	4.076458283	0.771055996	-0.098492358	-0.028944626	-0.037861842	-1.085340043	-0.189589265	0.05908708	0.117904979	0.468637644	-0.251439603	0.109212613	Macquarie	Wild	Filtered_SecondRun_WB154_tclust.xls	Filtered_ThirdRun_WB159_tclust.xls
281	0.839074268	0.649524182	0.698502426	0.606531107	0.62152747	0.573877666	0.664629624	0.479438143	0.553654523	0.641813442	0.536332131	0.626913738	2.781967648	-2.781967648	-0.307384517	0.337441197	0.146941434	-0.109562617	0.000680319	-0.133694793	-0.112641965	-0.063610433	0.228518362	-0.050727097	-0.131732087	Macquarie	Wild	Filtered_ThirdRun_WB144_tclust.xls	Filtered_SecondRun_WB140_tclust.xls
282	0.939797283	0.464248493	0.408892665	0.595427734	0.304251867	0.335783233	0.434073629	0.215283316	0.296936976	0.586447517	0.250098658	0.389080692	0.709268672	-0.709268672	-1.069319023	0.805354992	0.043827563	-0.417437129	-0.095361269	-0.777206526	0.051211087	0.21976917	-0.1984298	-0.075495456	0.096810479	Macquarie	Wild	Filtered_ThirdRun_WB144_tclust.xls	Filtered_SecondRun_WB154_tclust.xls
283	0.869797159	0.656251864	0.679671764	0.651478155	0.676896528	0.652241447	0.619619864	0.454124785	0.642475887	0.57607596	0.553700203	0.609459122	2.922536061	-2.922536061	-0.370349505	0.206949995	-0.095992527	-0.009071128	-0.017195365	-0.000996174	0.030438879	-0.045238811	0.13361961	0.214231403	0.067620395	Macquarie	Wild	Filtered_ThirdRun_WB144_tclust.xls	Filtered_ThirdRun_WB152_tclust.xls
284	0.980738206	0.533164713	0.589639988	0.46784753	0.508504799	0.541944551	0.553470452	0.285434398	0.411219531	0.459364751	0.419473095	0.442848227	1.599308098	-1.599308098	-1.075902289	0.17550083	0.043657659	0.017720608	0.07721944	-0.02697072	-0.204385212	0.089384595	0.225436407	-0.005438065	0.075334827	Macquarie	Wild	Filtered_ThirdRun_WB144_tclust.xls	Filtered_ThirdRun_WB157_tclust.xls
285	0.949757556	0.532118854	0.402202397	0.489882758	0.406333722	0.421636385	0.437454485	0.304395107	0.357394491	0.602156419	0.379333598	0.410036003	1.10693696	-1.10693696	-0.969460562	0.741329441	-0.10354292	-0.112964696	0.005932409	-0.457735854	-0.394204396	0.205457032	-0.223589021	0.006433312	0.045287112	Macquarie	Wild	Filtered_ThirdRun_WB144_tclust.xls	Filtered_ThirdRun_Wb158_tclust.xls
286	0.766710108	0.158332597	0.141223116	0.25292478	0.000441682	-0.02538387	0.137626888	-0.473877172	-0.143270275	0.179182482	-0.227597522	0.132572835	-3.118598515	3.118598515	-1.510183624	0.60723829	-0.076433245	-1.040960089	-0.125606318	-0.616082117	0.059885125	-0.09708447	0.05397205	-0.098637799	0.137483261	Macquarie	Wild	Filtered_ThirdRun_WB144_tclust.xls	Filtered_ThirdRun_WB159_tclust.xls
287	0.463344643	0.481928244	0.530265216	0.570249039	0.327491036	0.712276491	0.500625766	-0.083712123	0.458527726	0.663719596	0.375889667	0.409808128	1.021388164	-1.021388164	0.4294751	-0.708686797	-0.281510617	-0.645316113	-0.219540168	-0.782146324	-0.193678852	0.046132799	-0.198690271	-0.186110644	0.483520554	Macquarie	Wild	Filtered_ThirdRun_WB152_tclust.xls	Filtered_SecondRun_WB140_tclust.xls
288	0.288770822	0.479410026	0.389823633	0.72122334	0.378586926	0.357483353	0.527868692	0.000637275	0.647471483	0.684360943	0.165979818	0.47099585	0.74373973	-0.74373973	1.104602426	0.247018541	0.115187423	-1.201628184	-0.653698118	-0.783700583	0.351782667	0.102851979	-0.263276504	0.465646743	0.215089822	Macquarie	Wild	Filtered_ThirdRun_WB152_tclust.xls	Filtered_SecondRun_WB154_tclust.xls
289	0.717975888	0.26733153	0.39852678	0.485680698	0.412830529	0.465238539	0.555057331	-0.081323193	0.483432542	0.377507399	0.261438606	0.318712455	0.289327429	-0.289327429	-0.553027951	-0.327711224	0.242863137	-0.373705768	-0.675805088	-0.050672785	0.116805348	0.151663304	-0.151197549	0.284802881	0.28959504	Macquarie	Wild	Filtered_ThirdRun_WB152_tclust.xls	Filtered_ThirdRun_WB144_tclust.xls
290	0.544056302	0.683074026	0.667991769	0.546751958	0.467007275	0.50044674	0.59013392	0.27510428	0.63909471	0.78701306	0.422151316	0.574722776	2.108221285	-2.108221285	0.562553216	0.178547436	-0.027869012	-0.68138309	-0.129594079	-0.625620642	-0.399801008	0.119563346	0.35116436	0.097144013	-0.169140689	Macquarie	Wild	Filtered_ThirdRun_WB152_tclust.xls	Filtered_ThirdRun_WB157_tclust.xls
291	0.100767306	0.128220496	0.357683573	0.360080617	0.08808616	0.373859325	0.609086224	-0.37072671	0.63336444	0.642954369	0.147027781	0.329519432	-0.774729091	0.774729091	1.236691409	-0.946602271	0.612838322	-1.073784472	-1.434982903	-0.992743589	-0.411150575	0.172342508	0.009205857	0.263722534	0.130414502	Macquarie	Wild	Filtered_ThirdRun_WB152_tclust.xls	Filtered_ThirdRun_Wb158_tclust.xls
292	0.178827199	0.416755408	0.194876756	0.44375111	0.218314544	0.256796809	0.345520449	-0.298699318	0.434367628	0.337277723	0.011875724	0.237932758	-1.342103625	1.342103625	0.946893625	-0.058910197	-0.03537438	-1.076257815	-0.200364545	-0.492128305	0.080250286	0.035778465	-0.202791624	0.725907295	0.303131711	Macquarie	Wild	Filtered_ThirdRun_WB152_tclust.xls	Filtered_ThirdRun_WB159_tclust.xls
293	0.756370704	0.204294437	0.341658036	0.363659346	0.297685185	0.325125306	0.398314366	0.129503336	0.228017149	0.227904649	0.279426237	0.148403558	-0.656115042	0.656115042	-0.855632533	0.144940504	0.187035092	0.405491448	-0.259697839	-0.119367814	0.09539842	0.269827263	-0.081263808	0.000471331	0.016693444	Macquarie	Wild	Filtered_ThirdRun_WB157_tclust.xls	Filtered_SecondRun_WB140_tclust.xls
294	0.646130155	0.220419208	0.419223651	0.566802728	0.387595063	0.433044367	0.363826861	0.0575257	0.591769638	0.487949307	0.385211512	0.199455479	0.331504617	-0.331504617	-0.20536269	-0.122477969	-0.378382141	0.062887751	-0.891880214	-0.452170221	0.285681682	0.565930339	-0.289872729	0.332405855	0.058728238	Macquarie	Wild	Filtered_ThirdRun_WB157_tclust.xls	Filtered_SecondRun_WB154_tclust.xls
295	0.876400117	0.016166988	0.381787804	0.154222175	0.553022719	0.604138648	0.275484288	-0.358678578	0.186251269	0.137391999	0.362784002	0.103352137	-0.958539149	0.958539149	-1.492563901	-1.009537	-0.754424456	0.372847425	-0.731704156	0.909309666	-0.29854887	0.063603316	-0.136750838	-0.272310318	0.348251431	Macquarie	Wild	Filtered_ThirdRun_WB157_tclust.xls	Filtered_ThirdRun_WB144_tclust.xls
296	0.814220254	0.55487381	0.709515138	0.583857475	0.703896924	0.683362614	0.533913123	0.430537598	0.763554029	0.610078315	0.513219864	0.513033824	2.701522317	-2.701522317	-0.182221583	0.076017936	-0.410728135	0.136080283	-0.41840532	0.075208889	-0.048728097	0.256207438	0.352910895	0.287363601	0.188244323	Macquarie	Wild	Filtered_ThirdRun_WB157_tclust.xls	Filtered_ThirdRun_WB152_tclust.xls
297	0.32692574	0.035929023	0.331769706	0.259246078	0.374591902	0.612433804	0.474259286	-0.141106496	0.475620962	0.341510437	0.400540612	0.224499377	-0.556955372	0.556955372	0.502003365	-1.096859371	0.02479359	0.332227793	-1.120637711	0.093786308	-0.373413346	0.009674163	-0.256344229	0.034002634	0.32782878	Macquarie	Wild	Filtered_ThirdRun_WB157_tclust.xls	Filtered_ThirdRun_Wb158_tclust.xls
298	0.639941932	-0.00826516	0.133360593	0.28574857	0.304415882	0.249557351	0.387921347	-0.341234594	0.356528499	0.216448751	0.121488011	-0.063260858	-1.876232551	1.876232551	-0.73174458	-0.367278194	0.153449351	-0.190385498	-1.038998575	0.214603159	0.035587514	0.710021562	-0.472616007	0.395260361	0.217544499	Macquarie	Wild	Filtered_ThirdRun_WB157_tclust.xls	Filtered_ThirdRun_WB159_tclust.xls
299	0.319733991	0.242345822	0.452918424	0.330518036	0.469621038	0.415945372	0.571158093	0.046325133	0.425780495	0.328454998	0.295062499	0.276270032	-0.136731027	0.136731027	0.671239722	-0.432535932	0.385886403	-0.029128809	-0.584570459	0.297269766	-0.035743008	0.059127008	0.180033932	0.020057894	-0.024748355	Macquarie	Wild	Filtered_ThirdRun_Wb158_tclust.xls	Filtered_SecondRun_WB140_tclust.xls
300	0.148714778	0.075443509	0.207110303	0.174749851	0.257240361	0.090418106	0.480206831	-0.229171912	0.02271643	-0.082964463	-0.107193823	0.234364067	-2.711821562	2.711821562	0.54073717	-0.108067816	0.937221342	-0.388917177	-0.316708139	0.470370823	0.307029062	-0.621196693	0.32288686	0.037608776	0.04566853	Macquarie	Wild	Filtered_ThirdRun_Wb158_tclust.xls	Filtered_SecondRun_WB154_tclust.xls
301	0.740937682	0.040173148	0.031731555	0.003483811	0.042679551	-0.06098819	0.144615886	-0.28396889	-0.02616806	0.137823022	-0.162871611	0.063417814	-3.417652515	3.417652515	-1.369110312	0.758702907	0.128793323	-0.322880876	-0.507137036	-0.207777869	-0.5711219	0.077341171	0.145875347	0.147867326	0.018510682	Macquarie	Wild	Filtered_ThirdRun_Wb158_tclust.xls	Filtered_ThirdRun_WB144_tclust.xls
302	0.237076111	0.16049261	0.419327575	0.386891919	0.273165865	0.379299775	0.363061094	-0.088934416	0.538864511	0.417540117	0.117453871	0.360470213	-0.688548071	0.688548071	0.851830533	-0.275997951	-0.082405545	-0.387592392	-1.049409465	-0.507313474	0.055066258	-0.120093285	0.351640271	0.287113681	0.255659881	Macquarie	Wild	Filtered_ThirdRun_Wb158_tclust.xls	Filtered_ThirdRun_WB152_tclust.xls
303	0.291631923	0.202472915	0.441272645	0.146722772	0.342476469	0.446031487	0.481660089	-0.064783996	0.315553077	0.208809086	0.280245822	0.352887738	-0.795982122	0.795982122	0.526633591	-0.697896471	0.271564501	0.119007383	-0.46388497	0.200762545	-0.438718909	-0.440015385	0.441945082	-0.021892292	-0.00259602	Macquarie	Wild	Filtered_ThirdRun_Wb158_tclust.xls	Filtered_ThirdRun_WB157_tclust.xls
304	0.030461494	-0.038758693	-0.017348901	-0.192608564	-0.048518116	-0.228736861	0.267687165	-0.607097836	-0.248904181	-0.054168478	-0.41408001	-0.086844933	-5.351548507	5.351548507	0.413625231	0.10665614	0.846011545	-0.911190152	-0.29710378	0.189857074	-0.481560991	-0.116645799	0.466494097	-0.14443638	-0.128266563	Macquarie	Wild	Filtered_ThirdRun_Wb158_tclust.xls	Filtered_ThirdRun_WB159_tclust.xls
305	0.414340286	0.598617993	0.582273628	0.476668438	0.652822436	0.457509426	0.608646021	0.314961857	0.562950279	0.486358776	0.439032588	0.393057062	1.48090016	-1.48090016	0.838161385	0.061190375	0.121691998	-0.159968964	0.033040346	0.345616395	-0.059149653	0.198432909	0.218812156	0.205467375	-0.233407156	Macquarie	Wild	Filtered_ThirdRun_WB159_tclust.xls	Filtered_SecondRun_WB140_tclust.xls
306	0.317833499	0.179480955	0.286685274	0.343577741	0.355850221	0.22429969	0.336979846	0.098573941	0.162404816	0.292245377	0.132070163	0.257172381	-1.253038267	1.253038267	0.483396141	0.423677526	0.115644445	0.004492767	-0.43827834	-0.017609853	0.150479646	-0.165119774	-0.003813274	-0.20131	0.001111773	Macquarie	Wild	Filtered_ThirdRun_WB159_tclust.xls	Filtered_SecondRun_WB154_tclust.xls
307	0.644423428	-0.101507413	0.243780508	0.017851707	0.129133066	0.033246952	0.06351022	-0.441462767	-0.044389944	0.027327169	-0.055569397	0.169172876	-3.340466169	3.340466169	-1.231637713	0.063786061	-0.372973034	-0.175704088	-0.801794415	-0.005515828	-0.183545511	-0.428886014	0.483387243	-0.129715781	-0.17443709	Macquarie	Wild	Filtered_ThirdRun_WB159_tclust.xls	Filtered_ThirdRun_WB144_tclust.xls
308	0.469326749	0.576434909	0.625727271	0.523908772	0.591974538	0.511646495	0.443321321	0.362025659	0.602684089	0.547280148	0.421404997	0.448525193	1.574807954	-1.574807954	0.70209147	0.223285918	-0.390568757	-0.037581467	-0.101335892	-0.07687356	-0.006208562	0.108290778	0.355311327	0.202372004	-0.059848077	Macquarie	Wild	Filtered_ThirdRun_WB159_tclust.xls	Filtered_ThirdRun_WB152_tclust.xls
309	0.455267739	0.364424827	0.457382523	0.37266492	0.540862224	0.455399161	0.46965846	0.184842418	0.432613136	0.382944861	0.350685109	0.35170098	0.402801109	-0.402801109	0.412245784	-0.01663553	-0.033977585	0.092848605	-0.338937045	0.271638552	-0.128190117	-0.024505975	0.122691088	0.070824492	0.015924927	Macquarie	Wild	Filtered_ThirdRun_WB159_tclust.xls	Filtered_ThirdRun_WB157_tclust.xls
310	0.266407485	0.401914429	0.378377109	0.199080754	0.356701199	0.237286729	0.507040417	0.161047319	0.255759705	0.332018575	0.23012236	0.224258289	-0.739258449	0.739258449	0.802980069	0.171291848	0.49945176	-0.056275227	0.063481371	0.127064644	-0.437638635	0.117123828	0.308756155	-0.033360385	-0.305549379	Macquarie	Wild	Filtered_ThirdRun_WB159_tclust.xls	Filtered_ThirdRun_Wb158_tclust.xls