	logamplitude	logpitch	logFM	logAM2	logentropy	logpitchgoodness	logmeanfreq	logvpitch	logvFM	logventropy	logvpitchgoodness	vmeanfreq	PC1	PC1neg	PC2	PC3	PC4	PC5	PC6	PC7	PC8	PC9	PC10	PC11	PC12	batch	Population	batchpop	Template	Target
1	0.593245833	0.712936817	0.611013238	0.624883752	0.61653262	0.720600489	0.621161424	0.550653015	0.517116919	0.492002487	0.606968336	0.470730157	2.488778288	-2.488778288	0.448206523	0.013571598	0.02904165	0.382012472	0.525251821	-0.017013231	0.017561371	0.026370538	-0.085098328	0.050756508	0.156829977	UIUC	TGC	UIUC-TGC	filtered_tgc1_tclust	filtered_tgc3_tclust
2	0.651622029	0.720752784	0.725487706	0.718973463	0.72393623	0.665411045	0.691266764	0.648741715	0.62687264	0.675991041	0.551902854	0.546178443	3.208272252	-3.208272252	0.479424412	0.367964246	0.101140503	0.057129392	0.165211549	-0.017061876	0.183535506	0.218787594	0.144124951	-0.066950797	0.07356181	UIUC	TGC	UIUC-TGC	filtered_tgc1_tclust	filtered_tgc4_tclust
3	0.477800132	0.497271004	0.448244984	0.615267403	0.455808964	0.594446908	0.447153944	0.484293695	0.433374413	0.541692409	0.463334144	0.407642367	1.313764554	-1.313764554	0.612246232	0.347854344	-0.136748657	0.386903871	0.014301776	-0.478056647	0.09377774	0.019950269	-0.297163898	-0.072221191	0.273120089	UIUC	TGC	UIUC-TGC	filtered_tgc1_tclust	filtered_tgc5_tclust
4	0.293734138	0.178783844	0.230235356	0.398025673	0.246957939	0.330079605	0.406967694	0.012866829	0.018905455	-0.023927413	0.171037419	-0.173503269	-2.006094584	2.006094584	0.309078979	-0.344792079	0.430600447	0.502335906	0.33251866	0.145378352	0.694448273	0.525925942	-0.373628051	-0.157348505	0.257708144	UIUC	TGC	UIUC-TGC	filtered_tgc3_tclust	filtered_tgc1_tclust
5	0.47827255	0.421264273	0.373473055	0.446847189	0.360561828	0.585360253	0.490931591	0.328196172	0.468350874	0.471631139	0.520960789	0.306105886	0.758063583	-0.758063583	0.454380852	-0.131172377	0.073121264	0.518417393	-0.117098258	-0.409322114	-0.339680757	0.163087665	-0.368694593	0.12900259	0.143349926	UIUC	TGC	UIUC-TGC	filtered_tgc3_tclust	filtered_tgc4_tclust
6	0.512359773	0.234744777	0.265403096	0.360021241	0.226795907	0.257100383	0.346076429	0.113433084	0.222775522	0.23363882	0.25331653	0.111105495	-1.146612449	1.146612449	-0.124111292	0.21048308	0.160318392	0.324725703	-0.148882277	-0.316484967	0.085291678	0.257471731	-0.194783187	0.107225702	-0.065045361	UIUC	TGC	UIUC-TGC	filtered_tgc3_tclust	filtered_tgc5_tclust
7	0.651318133	0.71288805	0.585346486	0.756815814	0.549161699	0.508790837	0.631566062	0.630415736	0.400766366	0.572237679	0.410181222	0.300896806	2.089070305	-2.089070305	0.260030208	0.699531562	0.318428043	0.051307372	0.629212267	-0.290217924	0.504996642	0.610747722	-0.11390796	-0.169125872	0.115754153	UIUC	TGC	UIUC-TGC	filtered_tgc4_tclust	filtered_tgc1_tclust
8	0.882262645	0.89418761	0.680667365	0.66353545	0.747705993	0.876062638	0.850573271	0.806908088	0.743646624	0.813742634	0.739021921	0.552216538	4.329836686	-4.329836686	0.053633022	0.244421616	0.347788108	0.324783163	0.449891949	-0.006152809	-0.564894942	0.519937442	-0.165975586	0.06996365	0.28397271	UIUC	TGC	UIUC-TGC	filtered_tgc4_tclust	filtered_tgc3_tclust
9	0.345343442	0.478000565	0.379397532	0.381707947	0.477276153	0.431180738	0.436604533	0.394885732	0.287407503	0.303688977	0.323343969	0.089314756	-0.061281123	0.061281123	0.771094688	0.281920385	0.09045647	0.509778762	0.419144031	0.229588549	0.001877479	0.496971894	-0.032362613	-0.027707793	0.115258052	UIUC	TGC	UIUC-TGC	filtered_tgc4_tclust	filtered_tgc5_tclust
10	0.445600883	0.569059527	0.611518056	0.745344552	0.510068028	0.689870159	0.575156601	0.561940458	0.327538119	0.328587116	0.418074707	0.365582346	1.63239156	-1.63239156	0.671126831	0.040379033	0.208979439	0.491822517	0.601688662	-0.2124264	0.822766713	-0.033106749	-0.003397672	-0.265687154	0.471960869	UIUC	TGC	UIUC-TGC	filtered_tgc5_tclust	filtered_tgc1_tclust
11	0.835902666	0.718071897	0.708244826	0.684381129	0.570379623	0.745713772	0.715639897	0.703761675	0.679425598	0.578424778	0.565355674	0.490719472	3.212726171	-3.212726171	-0.130844881	0.196084669	0.313690599	0.424189854	0.305600456	-0.308306124	0.054207306	0.359992767	0.217853305	0.20190169	0.300788058	UIUC	TGC	UIUC-TGC	filtered_tgc5_tclust	filtered_tgc3_tclust
12	0.294762989	0.589223057	0.457292475	0.396428398	0.481877551	0.503562458	0.372704401	0.466035786	0.40509397	0.280220249	0.525195043	0.282314642	0.591364021	-0.591364021	1.044370798	0.124218919	-0.266632042	0.757012991	0.582076575	0.040478185	-0.134805682	0.002882068	0.042790079	0.256655767	-0.148741592	UIUC	TGC	UIUC-TGC	filtered_tgc5_tclust	filtered_tgc4_tclust
13	0.049570555	0.031459454	0.133965711	0.163495724	-0.035625662	-0.145627648	0.366570782	0.140907423	-0.208188102	-0.278562987	-0.228369024	-0.169416606	-4.103376974	4.103376974	0.679675421	0.579772696	1.344971035	0.507766334	0.364550414	-0.070474032	0.77870632	0.137016116	0.482735386	-0.099196746	-0.107745536	UIUC	TGG	UIUC-TGG	filtered_tgg1_tclust	filtered_tgg2_tclust
14	0.437249051	0.043452163	0.088253188	0.157600554	0.237626396	-0.0399077	0.400035511	0.236844436	-0.069361925	0.049373607	-0.129333363	-0.073945051	-2.817486113	2.817486113	-0.15948172	1.049643222	1.01691499	0.403155829	-0.209548048	0.351810045	0.181270075	0.430771015	0.111312559	-0.223088228	0.055498515	UIUC	TGG	UIUC-TGG	filtered_tgg1_tclust	filtered_tgg3_tclust
15	0.79711532	0.214610611	0.331675672	0.33332424	0.17350935	0.135460153	0.731617681	0.217767432	0.125414668	0.086853188	0.062636281	0.023567475	-1.068404825	1.068404825	-1.091357616	0.316826679	1.645422689	0.17965772	0.049876421	-0.007700056	0.32477279	0.627349485	0.231119518	-0.008318244	-0.029509163	UIUC	TGG	UIUC-TGG	filtered_tgg1_tclust	filtered_tgg4_tclust
16	0.091063744	0.057217329	0.084063008	0.098751364	-0.052993751	-0.136413812	0.320660962	0.198022295	-0.146875336	-0.108854804	-0.211307968	-0.235208509	-4.026308148	4.026308148	0.67782976	0.789165024	1.168756134	0.545878244	0.25063145	-0.225609783	0.328627448	0.506618171	0.392653679	-0.104634197	-0.071275248	UIUC	TGG	UIUC-TGG	filtered_tgg1_tclust	filtered_tgg5_tclust
17	0.0948313	0.0967336	0.135136396	0.197639319	-0.042721927	-0.11105887	0.216283581	0.164860622	-0.173639671	-0.199997672	-0.156926918	-0.058132364	-3.816977955	3.816977955	0.621001066	0.776344912	0.787327348	0.532437375	0.398094477	-0.356591828	0.643499006	-0.096376367	0.406718456	-0.015505723	-0.135434591	UIUC	TGG	UIUC-TGG	filtered_tgg2_tclust	filtered_tgg1_tclust
18	0.111728973	-0.034846045	-0.078600826	0.019589714	0.236093196	-0.055964045	-0.063573537	0.067239403	-0.176219507	-0.00013356	-0.160975887	-0.012666947	-4.159153527	4.159153527	0.638494051	1.225241403	-0.299728355	0.545322606	-0.323435666	0.320413419	-0.093218054	-0.239985521	-0.037810542	-0.182248077	0.129712657	UIUC	TGG	UIUC-TGG	filtered_tgg2_tclust	filtered_tgg3_tclust
19	0.835629625	0.08785946	0.233745353	0.156175659	-0.033062849	0.226564965	0.262786465	-0.019186298	0.003002438	-0.073959409	0.1030833	-0.095390424	-2.495995347	2.495995347	-1.589720984	-0.026942027	0.348700418	0.751437413	0.132932494	-0.42314095	-0.011293403	0.396887301	0.187524295	0.090979323	0.165447403	UIUC	TGG	UIUC-TGG	filtered_tgg2_tclust	filtered_tgg4_tclust
20	-0.056261403	-0.216137411	-0.137772918	-0.152745309	-0.071540158	-0.065877107	0.046697426	0.076584696	-0.223731635	-0.163675564	-0.158478818	-0.16947549	-5.202562279	5.202562279	0.889420344	0.651358582	0.49600543	1.125275171	-0.391478232	-0.066286537	-0.316433896	-0.128576788	0.097899269	-0.18184368	0.106036516	UIUC	TGG	UIUC-TGG	filtered_tgg2_tclust	filtered_tgg5_tclust
21	0.453939725	0.347348394	0.361154238	0.359661797	0.561469058	0.224374166	0.423535559	0.347071756	0.181191189	0.408386011	0.236279227	0.294176533	-0.200853317	0.200853317	0.365129509	0.879484434	0.152745777	0.094159351	-0.154364836	0.386440942	-0.015660666	0.043385061	0.02365575	-0.338839625	-0.213275815	UIUC	TGG	UIUC-TGG	filtered_tgg3_tclust	filtered_tgg1_tclust
22	0.296811177	0.18821839	0.12329098	0.227431079	0.523814506	0.079374828	0.110134819	0.168239402	0.105456678	0.370467053	0.103297352	0.207595796	-1.754551866	1.754551866	0.615324599	1.23163763	-0.532711729	0.084813004	-0.520065464	0.429611916	-0.205175649	-0.072048506	-0.223457689	-0.192970276	-0.155227962	UIUC	TGG	UIUC-TGG	filtered_tgg3_tclust	filtered_tgg2_tclust
23	0.848038454	0.475199255	0.255931843	0.359750929	0.526469645	0.291066428	0.282227912	0.374471692	0.198816652	0.434122322	0.238668594	0.315397946	0.088262913	-0.088262913	-0.780294404	1.304447298	-0.308642153	0.152105256	0.135571906	0.18610051	-0.364567411	0.113422137	-0.197076358	-0.010592937	0.102512394	UIUC	TGG	UIUC-TGG	filtered_tgg3_tclust	filtered_tgg4_tclust
24	0.299033167	0.189913999	0.150113218	0.270186868	0.414736119	0.126375127	0.180041371	0.128325457	0.121349983	0.488077531	0.131547547	0.117773999	-1.638815725	1.638815725	0.628686807	0.970109608	-0.367985891	-0.022050182	-0.53423496	0.038671248	-0.259589099	0.293285625	-0.339143518	-0.343741067	-0.117202347	UIUC	TGG	UIUC-TGG	filtered_tgg3_tclust	filtered_tgg5_tclust
25	0.557653345	0.451015203	0.43928304	0.469677923	0.411159847	0.34680144	0.549320463	0.503439998	0.304968578	0.315404474	0.333412115	0.381883634	0.571827385	-0.571827385	0.144970469	0.624433534	0.575532891	0.402319141	0.175855142	-0.115952928	0.147705787	-0.083925589	0.127286748	0.014796271	-0.093572748	UIUC	TGG	UIUC-TGG	filtered_tgg4_tclust	filtered_tgg1_tclust
26	0.568154989	0.243024959	0.386764198	0.235909368	0.154632504	0.246418844	0.283452585	0.128055143	0.149310355	0.118179965	0.210773075	0.160466706	-1.386428866	1.386428866	-0.424870871	0.151830716	0.079601542	0.493762205	0.072324129	-0.358084816	-0.035419969	0.002359027	0.403056534	0.031541918	-0.146768079	UIUC	TGG	UIUC-TGG	filtered_tgg4_tclust	filtered_tgg2_tclust
27	0.454610644	0.199412022	0.022719672	0.067425981	0.31363544	-0.016781061	0.087897293	0.269382305	-0.026399544	0.12507443	0.008153906	0.295514093	-2.453453489	2.453453489	-0.085807747	1.577180624	-0.078419048	0.439261634	-0.120802558	0.235894035	-0.484295635	-0.56711888	0.066411968	0.085041483	-0.121270469	UIUC	TGG	UIUC-TGG	filtered_tgg4_tclust	filtered_tgg3_tclust
28	0.535116838	0.288691124	0.236377607	0.280414376	0.415553453	0.298143535	0.320011524	0.392915901	0.230306638	0.407821215	0.286023069	0.331042308	-0.42318056	0.42318056	0.086922066	0.911638465	-0.00180438	0.508782475	-0.310862357	-0.010247856	-0.4424685	-0.111508626	-0.150958123	-0.108170419	-0.000590975	UIUC	TGG	UIUC-TGG	filtered_tgg4_tclust	filtered_tgg5_tclust
29	-0.065972776	-0.006424875	-0.044899516	-0.081504929	0.012774436	-0.123931627	0.086393751	-0.085330811	-0.157139817	-0.136796055	-0.193793753	-0.281731896	-4.941918639	4.941918639	0.994887758	0.516518755	0.345597852	0.476648266	0.048806285	0.12350921	-0.125635081	0.330425344	0.201769827	0.031047596	-0.076751776	UIUC	TGG	UIUC-TGG	filtered_tgg5_tclust	filtered_tgg1_tclust
30	-0.008351745	-0.306120832	-0.106360457	-0.174874319	0.047547342	-0.06726951	-0.159242564	-0.282605353	-0.192052693	-0.236939965	-0.274705819	-0.283240719	-5.829973819	5.829973819	0.550343802	0.334464326	-0.362324576	0.73450527	-0.682747889	0.344895933	-0.069205761	0.026253267	0.233081018	-0.049192475	0.251571969	UIUC	TGG	UIUC-TGG	filtered_tgg5_tclust	filtered_tgg2_tclust
31	0.276392909	0.028004753	-0.061267553	0.096380253	0.134794148	-0.026420321	-0.037216733	-0.114804967	-0.113778247	0.105242238	-0.108405269	-0.100862378	-3.931979506	3.931979506	0.127446055	0.909780227	-0.391426841	0.187816224	-0.262943	-0.083051368	-0.139560409	0.176542259	-0.26886731	-0.069462783	0.100264435	UIUC	TGG	UIUC-TGG	filtered_tgg5_tclust	filtered_tgg3_tclust
32	0.755978243	0.142232476	0.162047983	0.193886027	0.208795554	0.207115899	0.296622304	0.12264444	0.060237524	0.177751393	0.075129164	0.057857576	-1.821587443	1.821587443	-1.033648023	0.634568453	0.272829396	0.420929447	-0.199612567	-0.059084426	-0.239622312	0.297107272	-0.050179066	-0.068537915	0.227554557	UIUC	TGG	UIUC-TGG	filtered_tgg5_tclust	filtered_tgg4_tclust
33	0.073133588	-0.040074362	-0.051120008	-0.050100428	-0.146261733	0.177602913	0.024733961	-0.284088486	-0.109425872	-0.125587734	0.150178175	-0.135328437	-4.417243981	4.417243981	0.473394605	-0.476749681	-0.137870169	0.839022474	-0.017882629	-0.488155242	-0.490377943	-0.190365574	-0.346253636	0.096300897	0.000141767	ECU	TGG	ECU-TGG	filtered_BL65_tclust	filtered_BR82_tclust
34	0.352841379	-0.155320945	-0.047253922	0.030846126	-0.039002118	0.085816555	-0.011129903	-0.64387209	-0.304506387	-0.322993393	-0.148207562	-0.118902152	-5.077701582	5.077701582	-0.738862275	-0.420206797	-0.22702044	0.079462964	-0.138349957	0.051744687	0.222664416	-0.454790713	-0.216991501	-0.021225932	0.322964382	ECU	TGG	ECU-TGG	filtered_BL65_tclust	filtered_DP51LP79_tclust
35	0.705897018	-0.162427337	-0.105720852	0.011761642	-0.120907295	-0.159738765	-0.04645246	-0.354532387	-0.285206448	-0.219203901	-0.022114162	-0.170002213	-4.862671984	4.862671984	-1.706167918	0.485751578	-0.07643983	0.543224965	-0.231986166	-0.296737858	-0.015686852	-0.015933629	-0.358955631	0.107091111	-0.303614806	ECU	TGG	ECU-TGG	filtered_BL65_tclust	filtered_DP77_tclust
36	0.313413301	0.038419185	0.009035896	0.067842257	0.059294688	0.158317121	0.196801127	-0.211855231	-0.149716369	-0.117701445	0.101511814	-0.11162165	-3.623914444	3.623914444	-0.137659326	-0.172026535	0.216656777	0.541093907	0.127743538	0.050033722	-0.143141252	-0.033144785	-0.37164395	-0.050483608	0.046640683	ECU	TGG	ECU-TGG	filtered_BL65_tclust	filtered_WH10_tclust
37	0.861374721	0.026434288	0.209140937	0.26589591	-0.014584625	0.272205872	0.078372731	-0.429291488	-0.190472252	-0.052167806	0.484285275	-0.188618526	-2.743943424	2.743943424	-1.931448011	-0.841799477	-0.636968364	0.733853188	0.224614949	-0.521592175	0.170778269	0.29134938	-0.801504343	-0.298083673	-0.440603666	ECU	TGG	ECU-TGG	filtered_BL65_tclust	filtered_WH18_tclust
38	0.720969622	-0.004028417	0.186646041	0.112637125	0.025172389	0.123967479	0.023485971	-0.288762409	-0.15523413	-0.052993182	0.275076353	-0.142094942	-3.239236826	3.239236826	-1.456586757	-0.223775021	-0.534497712	0.706146994	0.004157777	-0.292188843	-0.048438331	0.20473652	-0.248778309	-0.197464528	-0.420323408	ECU	TGG	ECU-TGG	filtered_BL65_tclust	filtered_YE182_tclust
39	0.177869816	0.20952208	0.281815487	0.214625434	0.090402617	0.184127341	0.203614593	-0.313091158	-0.049274771	0.030953056	0.007501149	-0.009240376	-2.928652472	2.928652472	0.422325237	-0.343761251	-0.089586272	-0.250757807	0.279458572	-0.25320033	0.21604492	-0.017381774	0.209888023	-0.151455805	0.013671017	ECU	TGG	ECU-TGG	filtered_BL65_tclust	filtered_YE188_tclust
40	0.235899202	0.221175499	0.175089292	0.173245205	0.195437968	0.147813076	0.297255981	-0.10602502	-0.02659641	-0.013478673	0.135574535	0.15100563	-2.480268815	2.480268815	0.368208559	0.0224354	0.276125618	0.117183231	0.225548117	0.09602078	-0.026663525	-0.419582722	-0.046970024	0.022692289	-0.190667531	ECU	TGG	ECU-TGG	filtered_BL65_tclust	filtered_YE189_tclust
41	0.295905692	0.111622592	0.188477497	0.197410279	0.258877821	0.305032573	0.13590754	-0.330860551	-0.176452749	0.089567874	0.184842499	0.005234581	-2.737150741	2.737150741	0.052662137	-0.395229162	-0.522469521	0.087196806	0.079778596	0.167061995	0.009246243	-0.179579038	-0.399219246	-0.564137327	0.059242186	ECU	TGG	ECU-TGG	filtered_BL65_tclust	filtered_YE41_tclust
42	0.338975688	0.333499281	0.312311968	0.308126902	0.263286046	0.395708336	0.291353246	0.252168867	0.241651367	0.314197067	0.336135915	0.240068056	-0.711591663	0.711591663	0.569808955	0.195703058	-0.135086256	0.538743097	0.033732177	-0.38612866	-0.273045161	-0.074342849	-0.06562436	-0.025513906	0.030589306	ECU	TGG	ECU-TGG	filtered_BR82_tclust	filtered_BL65_tclust
43	0.23948697	0.292264759	0.213474654	0.207380666	0.366072865	0.319441954	0.212770412	0.080417374	0.12324551	0.305666854	0.134764121	0.19099236	-1.535691041	1.535691041	0.745406918	0.401682841	-0.323490328	0.105873147	-0.055048053	0.098151095	-0.370805217	-0.110643308	-0.043628076	-0.170434422	0.220294678	ECU	TGG	ECU-TGG	filtered_BR82_tclust	filtered_DP51LP79_tclust
44	0.495554871	0.125358956	0.142120211	0.191846409	0.228239757	0.188243316	0.117597011	0.020994333	0.076127143	0.090537079	0.058835446	0.107304671	-2.341384517	2.341384517	-0.31673792	0.54392574	-0.267942773	0.395581067	-0.228345357	-0.034272165	-0.067365024	-0.088738986	-0.00430614	0.107152806	0.187605281	ECU	TGG	ECU-TGG	filtered_BR82_tclust	filtered_DP77_tclust
45	0.120773904	0.037017413	0.027508502	0.170966261	0.250976845	-0.014318932	0.111538003	-0.073246105	0.007730624	0.205385052	-0.048484512	0.182301672	-3.083301519	3.083301519	0.779697866	0.85335287	-0.11358053	-0.111987787	-0.639357382	0.003116808	-0.073033328	-0.374163197	-0.174094186	-0.092296946	-0.08761539	ECU	TGG	ECU-TGG	filtered_BR82_tclust	filtered_WH10_tclust
46	0.542824751	0.21488851	0.091566913	0.137642694	0.143469753	0.139832591	0.180176243	-0.05096441	0.041970945	0.099247308	0.059135722	0.044890086	-2.515210825	2.515210825	-0.503216042	0.494267327	-0.019780851	0.195320514	0.067416757	-0.132982528	-0.338535569	0.095217487	-0.099434164	0.202420232	0.079020499	ECU	TGG	ECU-TGG	filtered_BR82_tclust	filtered_WH18_tclust
47	0.487300268	0.159769383	0.262912222	0.217242588	0.233257483	0.043631221	0.135350033	-0.058845815	0.104919192	0.191324104	0.001833656	-0.000153921	-2.374616394	2.374616394	-0.275053897	0.59805331	-0.291331723	-0.037503565	-0.260903069	-0.098210073	0.094226082	0.395301424	0.271833089	0.016833782	-0.163350867	ECU	TGG	ECU-TGG	filtered_BR82_tclust	filtered_YE182_tclust
48	0.380216278	0.381031685	0.30271	0.204895169	0.279167379	0.300366765	0.287683642	0.002114063	0.105709667	0.274866804	0.251367209	0.211734211	-1.251544795	1.251544795	0.255255778	0.099426523	-0.16647143	0.014791641	0.256827385	-0.101305242	-0.45232065	-0.122641973	0.023313199	-0.120860884	-0.128446817	ECU	TGG	ECU-TGG	filtered_BR82_tclust	filtered_YE188_tclust
49	0.525952581	0.502511765	0.425614569	0.48251006	0.508745097	0.413038291	0.468382468	0.393000688	0.390198344	0.395226496	0.376303842	0.497031995	0.874771771	-0.874771771	0.324017613	0.557410811	0.080811541	0.14306583	0.037705036	-0.024029516	-0.021526238	-0.327591171	-0.001629173	0.153187096	-0.036728857	ECU	TGG	ECU-TGG	filtered_BR82_tclust	filtered_YE189_tclust
50	0.336679054	0.220527246	0.219344411	0.102156236	0.379694544	0.226993168	0.039712253	-0.100775155	-0.025093904	0.132348066	0.033982256	0.034780759	-2.508799586	2.508799586	0.164589015	0.373712099	-0.765942152	0.121510067	0.081299885	0.434239473	-0.232962016	0.003632446	0.178707787	-0.227532269	0.156446805	ECU	TGG	ECU-TGG	filtered_BR82_tclust	filtered_YE41_tclust
51	0.24523904	0.026172462	0.10696523	0.10487258	0.067162246	0.076531527	-0.078745239	-0.549661304	-0.160451609	-0.154190588	-0.17057749	-0.163139093	-4.460820036	4.460820036	-0.129917135	-0.180071669	-0.702466309	-0.2005169	0.046667134	-0.003577631	0.315049219	-0.014738673	0.124493356	0.030652446	0.226510038	ECU	TGG	ECU-TGG	filtered_DP51LP79_tclust	filtered_BL65_tclust
52	0.098945859	0.176562112	0.064066482	0.182866993	0.268459512	0.142509795	0.042657114	-0.019665047	0.027444	0.026923726	0.075546732	0.090690349	-2.889967346	2.889967346	0.871473646	0.487667121	-0.458574003	0.354722764	0.015926009	0.127822548	0.022105727	-0.328176252	-0.189427341	0.160568923	0.043388313	ECU	TGG	ECU-TGG	filtered_DP51LP79_tclust	filtered_BR82_tclust
53	0.086732082	0.056144887	0.010800491	0.123016755	0.122955104	-0.014069469	0.001311681	-0.20956001	-0.191501353	-0.201684673	-0.143173609	-0.179711901	-4.40570723	4.40570723	0.510076422	0.381622719	-0.207844361	0.264735163	0.243502713	0.195936354	0.423921923	-0.004372643	-0.040416691	0.049110332	0.095007019	ECU	TGG	ECU-TGG	filtered_DP51LP79_tclust	filtered_DP77_tclust
54	0.08213043	0.080519295	0.017635479	0.158567099	0.103431705	0.063922695	0.107333606	-0.041616753	-0.07375973	-0.043982141	0.047126788	0.021457973	-3.480663656	3.480663656	0.743072776	0.388519351	0.022758331	0.462346139	0.011877062	-0.131707309	0.095886163	-0.29349434	-0.241687022	0.054347677	-0.054405586	ECU	TGG	ECU-TGG	filtered_DP51LP79_tclust	filtered_WH10_tclust
55	0.237604574	-0.333606945	0.010424944	0.097411603	-0.232517675	-0.08096529	-0.052193966	-0.99146887	-0.248642081	-0.494744596	0.112546754	-0.326691384	-5.887879648	5.887879648	-0.7337747	-1.423979466	-0.347974703	0.231228933	-0.377276775	-0.343658128	0.767182001	-0.19773849	-0.513554462	0.255856952	-0.60386037	ECU	TGG	ECU-TGG	filtered_DP51LP79_tclust	filtered_WH18_tclust
56	0.131788842	0.168933249	-0.004278876	0.066683018	0.072025793	0.062248607	0.067928298	-0.170600738	-0.152318143	-0.132675173	0.049678396	-0.117104001	-3.897909437	3.897909437	0.470365578	0.175878695	-0.116946989	0.414558641	0.476518404	0.016904904	-0.098190567	-0.078616523	-0.244485389	0.128963735	-0.092041223	ECU	TGG	ECU-TGG	filtered_DP51LP79_tclust	filtered_YE182_tclust
57	0.368950347	0.028569	0.045806436	0.069981321	-0.227357279	-0.106662751	-0.115089226	-0.560009567	-0.29856513	-0.26152588	-0.096002907	-0.242860012	-5.166622838	5.166622838	-0.743589937	-0.086459469	-0.424709884	0.031926373	0.426768428	-0.648059794	0.264609547	0.022762058	0.00652193	0.137619546	-0.264955373	ECU	TGG	ECU-TGG	filtered_DP51LP79_tclust	filtered_YE188_tclust
58	0.399286551	0.118359213	0.086048709	0.148408626	0.279369234	-0.070940545	0.184450323	-0.160414228	-0.085029026	-0.135516847	-0.066477868	-0.023330328	-3.335778088	3.335778088	-0.282003274	0.591583598	0.146769282	0.018465975	0.06038157	0.555907704	0.320239611	-0.043559256	0.024323382	0.183233789	-0.21029697	ECU	TGG	ECU-TGG	filtered_DP51LP79_tclust	filtered_YE189_tclust
59	0.321167043	0.01457834	0.120021692	-0.051594341	-0.140801791	0.009913074	-0.138888476	-0.492272306	-0.141902932	-0.214239929	-0.200125211	-0.198074826	-4.934799398	4.934799398	-0.462265232	-0.116828876	-0.600653991	0.097898714	0.134053266	-0.407500298	-0.05922925	0.052219901	0.539760678	0.231349393	0.108078288	ECU	TGG	ECU-TGG	filtered_DP51LP79_tclust	filtered_YE41_tclust
60	0.312257346	-0.141626472	-0.069275679	-0.072885057	-0.158641332	-0.264225515	-0.119174909	-0.568873252	-0.467397614	-0.225725831	-0.216730407	-0.276561465	-5.982888329	5.982888329	-0.699195589	0.326769432	-0.208460201	-0.016898728	0.033729218	-0.229620092	0.060428016	-0.011452493	-0.039253811	-0.266716548	-0.369663446	ECU	TGG	ECU-TGG	filtered_DP77_tclust	filtered_BL65_tclust
61	0.038938055	-0.094962269	-0.121995282	-0.203323078	0.107283305	0.034372288	-0.144411011	-0.417447958	-0.268547937	-0.257671885	-0.214023152	-0.221851483	-5.533364907	5.533364907	0.41211825	0.111390961	-0.553132746	0.41713584	-0.063663535	0.56526495	-0.373814202	-0.207005111	0.062525729	-0.011904397	0.32029512	ECU	TGG	ECU-TGG	filtered_DP77_tclust	filtered_BR82_tclust
62	-0.315776963	-0.231011301	-0.155621876	-0.196799362	-0.207983104	-0.14299929	-0.110544709	-0.989332986	-0.628207694	-0.645965768	-0.555320725	-0.602068519	-8.071933137	8.071933137	0.756999913	-0.848318265	0.015870477	-0.291242946	0.48594553	0.423841344	0.550740518	0.005122131	0.191526731	-0.225548634	0.412688573	ECU	TGG	ECU-TGG	filtered_DP77_tclust	filtered_DP51LP79_tclust
63	0.05857219	-0.147139195	-0.064918656	0.079570776	-0.061032351	0.019344362	0.142940367	-0.40834472	-0.293878509	-0.320483275	-0.17657212	-0.162845164	-5.084344034	5.084344034	0.287241396	-0.235255432	0.458552545	0.252752971	-0.055227025	0.007937202	0.447428567	-0.321625082	-0.207762057	-0.091469522	0.244931236	ECU	TGG	ECU-TGG	filtered_DP77_tclust	filtered_WH10_tclust
64	0.004360565	-0.037136544	-0.031787932	-0.22860982	-0.08585613	-0.039090502	-0.189578694	-0.837030145	-0.312874702	-0.487073664	-0.045025276	-0.472506548	-6.334545717	6.334545717	0.152342901	-0.977337002	-0.783186211	0.286242865	0.514102623	0.348433576	-0.152547997	0.107994331	0.023236117	0.27761499	-0.3142785	ECU	TGG	ECU-TGG	filtered_DP77_tclust	filtered_WH18_tclust
65	-0.305869823	-0.321125641	-0.174920096	-0.573620366	-0.528742335	-0.325493445	-0.292759879	-1.374799646	-0.660859657	-0.781451301	-0.513467088	-0.828796301	-9.795595396	9.795595396	0.267873389	-1.508737528	-0.281546549	-0.205564895	0.519630256	0.084943647	-0.245888623	0.281897628	0.579978379	0.082588173	-0.223388846	ECU	TGG	ECU-TGG	filtered_DP77_tclust	filtered_YE182_tclust
66	0.42809816	0.261387435	0.19343604	0.093574548	0.130044268	0.028571133	0.110922171	-0.36378504	-0.166927403	-0.214450362	-0.127873598	-0.195615168	-3.73158847	3.73158847	-0.534625912	0.039554006	-0.162173244	-0.186285168	0.760116224	0.296967987	0.244743005	0.267917964	0.353297081	0.159235241	-0.014557476	ECU	TGG	ECU-TGG	filtered_DP77_tclust	filtered_YE188_tclust
67	0.361703726	-0.079025419	-0.076448744	-0.007533764	-0.230733451	-0.10113839	0.052542236	-0.700956321	-0.435979673	-0.459437624	-0.369495979	-0.172083465	-5.870217059	5.870217059	-0.964453833	-0.178744721	0.369502932	-0.307324162	0.341370542	-0.183339551	0.345390482	-0.432206481	0.102973595	0.110947134	0.281674895	ECU	TGG	ECU-TGG	filtered_DP77_tclust	filtered_YE189_tclust
68	0.338049243	-0.018453147	0.116150718	-0.079985999	0.069400402	0.061487051	-0.202460505	-0.4986638	-0.346623042	-0.21325739	-0.291450058	-0.356675677	-5.204284134	5.204284134	-0.551977271	0.035975152	-0.929904121	0.11733547	0.28364117	0.282785592	0.073194046	0.325875431	0.473686761	-0.334926749	0.385791983	ECU	TGG	ECU-TGG	filtered_DP77_tclust	filtered_YE41_tclust
69	0.112764416	0.203859223	0.11464896	0.208713097	0.152756083	0.227735242	0.057215048	-0.131869311	-0.033193514	0.135018423	0.084446863	-0.051444842	-2.946860656	2.946860656	0.783716617	0.109546794	-0.519382313	0.186554934	0.197431684	-0.250911328	-0.045170371	0.090964252	-0.269204463	-0.139023535	0.164730019	ECU	TGG	ECU-TGG	filtered_WH10_tclust	filtered_BL65_tclust
70	-0.159341798	-0.234339	-0.159929405	0.382886492	0.160025617	-0.17442317	-0.200221294	-0.517251385	-0.305839082	-0.120814471	-0.352372481	-0.030535805	-5.389978231	5.389978231	1.035284423	0.739620428	-0.697659575	-0.508377406	-0.714474116	-0.0350865	1.328837754	-0.636873415	-0.650298992	-0.207434888	0.256824298	ECU	TGG	ECU-TGG	filtered_WH10_tclust	filtered_BR82_tclust
71	0.124512376	0.114956802	0.079557226	0.201453065	0.050792178	0.054149083	0.157589146	-0.006547792	-0.013698464	0.022411086	0.017564665	0.053060751	-3.18320792	3.18320792	0.68137622	0.44147124	0.174594647	0.31005009	-0.019102654	-0.393662832	0.127724245	-0.197139361	-0.075758652	0.086789949	-0.056531381	ECU	TGG	ECU-TGG	filtered_WH10_tclust	filtered_DP51LP79_tclust
72	0.487014977	0.090926196	0.156998566	0.361433335	0.102116824	0.148680317	0.097250518	-0.059206911	-0.038564698	-0.055998639	-0.016132478	-0.000773879	-2.80717644	2.80717644	-0.48281473	0.408239319	-0.169670666	0.329329302	0.039289751	-0.355661464	0.681507669	-0.017274672	-0.102832879	0.065644026	0.273140531	ECU	TGG	ECU-TGG	filtered_WH10_tclust	filtered_DP77_tclust
73	0.58163762	0.099209422	0.284487919	0.41283891	0.133492527	0.129482556	0.237147757	-0.002419556	0.116823287	0.049021443	0.165816827	0.094994423	-1.885882859	1.885882859	-0.618046665	0.236999854	0.059749658	0.339464881	-0.237644377	-0.46040639	0.64783555	0.042295699	-0.053365715	0.128383647	-0.18556146	ECU	TGG	ECU-TGG	filtered_WH10_tclust	filtered_WH18_tclust
74	0.391284827	0.154976895	0.27352107	0.289621048	0.033917405	0.099120468	0.14859695	-0.052817145	-0.010245682	-0.036320344	0.01644612	-0.002576568	-2.764561051	2.764561051	-0.179867429	0.225138427	-0.011472882	0.268845142	0.197329871	-0.506588941	0.511674236	0.051054427	0.274075758	0.046952967	-0.052624739	ECU	TGG	ECU-TGG	filtered_WH10_tclust	filtered_YE182_tclust
75	0.352790023	0.285927748	0.341999371	0.318271033	0.190279744	0.201148326	0.37899362	0.085269668	0.12078083	0.15538743	0.195068661	0.183086732	-1.400338457	1.400338457	0.269556836	0.133296386	0.356328353	0.1425236	0.141462057	-0.301194004	0.155728466	-0.081641025	0.149910848	-0.034860155	-0.224047303	ECU	TGG	ECU-TGG	filtered_WH10_tclust	filtered_YE188_tclust
76	0.203767275	0.180553623	0.232742332	0.336843003	0.310735073	0.150581816	0.437482487	0.033814331	0.107657805	0.036072877	0.084539619	0.084720434	-1.918310329	1.918310329	0.657168119	0.129225621	0.624059525	0.087254448	-0.061895379	0.261318916	0.512398968	0.00048359	-0.045280731	0.040760732	-0.057372975	ECU	TGG	ECU-TGG	filtered_WH10_tclust	filtered_YE189_tclust
77	0.236309642	0.16037593	0.280937312	0.252696226	0.071054101	0.151141646	0.184643919	-0.01590752	0.040761674	0.050673031	0.04705673	0.083136548	-2.543452588	2.543452588	0.394863145	0.150335995	0.023611553	0.244838279	0.042253144	-0.480628749	0.277028274	-0.117182389	0.301368987	-0.029497241	-0.036141419	ECU	TGG	ECU-TGG	filtered_WH10_tclust	filtered_YE41_tclust
78	0.510029075	0.279361686	0.189893699	0.160670139	0.12204931	0.284205604	0.26206332	-0.263055928	-0.075192804	0.224336067	0.185613845	0.237386553	-2.011744383	2.011744383	-0.456301874	-0.107209214	-0.07849072	-0.25933822	0.196109454	-0.340065222	-0.579776314	-0.428308168	-0.236373744	-0.27412509	0.001153247	ECU	TGG	ECU-TGG	filtered_WH18_tclust	filtered_BL65_tclust
79	0.16128575	0.296973121	0.031385546	-0.028901893	0.090498318	0.148482068	0.283952381	-0.189288439	-0.037601448	0.05108889	-0.048372871	0.100925997	-3.151376225	3.151376225	0.566370523	0.148469064	0.411231791	-0.200471965	0.370774802	0.035578926	-0.768217113	-0.291192951	0.065935041	0.165084772	0.169076736	ECU	TGG	ECU-TGG	filtered_WH18_tclust	filtered_BR82_tclust
80	-0.01484221	-0.061370435	-0.17548222	-0.131371171	-0.188010403	-0.057631544	0.166837566	-0.788320815	-0.389617228	-0.374951945	-0.148877478	-0.024345392	-5.797325704	5.797325704	0.248103008	-0.677682192	0.580740828	-0.347545974	0.185784798	-0.005930252	-0.293145977	-0.930267431	-0.311226374	0.109422736	-0.083613984	ECU	TGG	ECU-TGG	filtered_WH18_tclust	filtered_DP51LP79_tclust
81	0.078538989	0.205175959	0.041929818	-0.048183762	0.121672899	0.119657404	0.119143303	-0.339766738	-0.169502652	-0.175479268	-0.00245715	0.040198275	-3.897723879	3.897723879	0.555863949	-0.152980608	-0.07132956	0.049131523	0.494950738	0.314056235	-0.395103194	-0.574654078	0.048019367	0.116926444	-0.013723088	ECU	TGG	ECU-TGG	filtered_WH18_tclust	filtered_DP77_tclust
82	0.34016205	0.220046555	0.15997549	0.295376947	0.169815411	0.208307338	0.404837689	0.039667202	0.033161123	0.049962075	0.13383998	0.279927658	-1.82847513	1.82847513	0.184152561	0.22415833	0.640061366	0.142725585	0.075848418	-0.169326625	0.09814615	-0.56646482	-0.182047753	0.05432346	0.039923721	ECU	TGG	ECU-TGG	filtered_WH18_tclust	filtered_WH10_tclust
83	0.034090647	0.200970307	0.040106216	-0.010998464	0.102962702	0.05703792	0.19977663	-0.242519406	-0.093460823	-0.030956189	-0.064698715	0.076322276	-3.664470554	3.664470554	0.828815464	0.144751764	0.240114577	-0.147446658	0.237795342	0.110948582	-0.430963265	-0.42174655	0.09968463	0.09638982	-0.028392865	ECU	TGG	ECU-TGG	filtered_WH18_tclust	filtered_YE182_tclust
84	0.608830181	-0.0075336	0.091808543	-0.015751708	-0.174516882	0.052316973	0.317584928	-0.5726663	-0.293017599	-0.136216394	0.086105024	-0.093721728	-4.027225913	4.027225913	-1.397103106	-0.694791394	0.658493302	-0.035138218	0.148328498	-0.34309388	-0.35741485	-0.092560221	-0.188752756	-0.235358938	-0.323212294	ECU	TGG	ECU-TGG	filtered_WH18_tclust	filtered_YE188_tclust
85	0.629286837	0.32821517	0.230551527	0.273272189	0.444814298	0.229892871	0.383567471	0.098126479	0.079496891	0.079176639	0.166977744	0.369049885	-0.979992505	0.979992505	-0.527654089	0.581932757	0.255507953	0.05688845	0.131940466	0.510551648	-0.040986814	-0.577469286	-0.036030535	0.111050759	-0.002311054	ECU	TGG	ECU-TGG	filtered_WH18_tclust	filtered_YE189_tclust
86	0.517178345	-0.082216994	0.063075879	-0.096749112	-0.010540993	-0.176851094	0.111803584	-0.661801389	-0.313473182	-0.424991729	-0.171231451	-0.032957483	-5.049249191	5.049249191	-1.313576869	-0.174619296	0.261966923	-0.20721136	0.008415692	0.393115638	0.098538426	-0.572931364	0.347647728	0.174203214	-0.390056879	ECU	TGG	ECU-TGG	filtered_WH18_tclust	filtered_YE41_tclust
87	0.496126852	0.602804224	0.412441754	0.454865178	0.554430622	0.520497255	0.446525401	0.388686875	0.356747004	0.528569208	0.401020626	0.393557402	1.039894925	-1.039894925	0.521496369	0.494428818	-0.179613604	0.071701699	0.293348239	0.028177531	-0.333585129	0.01863781	-0.165196821	-0.066881811	0.151881982	ECU	TGG	ECU-TGG	filtered_YE41_tclust	filtered_BL65_tclust
88	0.40061929	0.611307008	0.277086561	0.252768772	0.550685355	0.473115686	0.266476002	0.180358907	0.219680737	0.3016981	0.241883249	0.190482095	-0.376455406	0.376455406	0.53512506	0.406080854	-0.556218955	0.065801136	0.697809455	0.511169807	-0.526549471	0.101465707	-0.073317748	0.126753957	0.35444323	ECU	TGG	ECU-TGG	filtered_YE41_tclust	filtered_BR82_tclust
89	0.400819569	0.380933043	0.225771002	0.21726052	0.216393613	0.271637892	0.286275303	0.163875793	0.227774542	0.277222672	0.185169401	0.181130641	-1.25696103	1.25696103	0.300475397	0.451014627	0.023629169	0.21403121	0.156810185	-0.304171253	-0.475866532	0.082193853	0.043260457	0.224708609	0.055012139	ECU	TGG	ECU-TGG	filtered_YE41_tclust	filtered_DP51LP79_tclust
90	0.588074194	0.444319629	0.350190239	0.33015756	0.412515144	0.353390123	0.298609949	0.197016915	0.253691569	0.283117426	0.229557823	0.212687945	-0.416764883	0.416764883	-0.148257451	0.472729605	-0.262813775	0.15850182	0.24219574	0.068276194	-0.152662596	0.148897921	0.098698162	0.134884262	0.116388223	ECU	TGG	ECU-TGG	filtered_YE41_tclust	filtered_DP77_tclust
91	0.556973069	0.467909562	0.398294024	0.376913031	0.340496319	0.511811051	0.414682281	0.300274165	0.340556642	0.294872292	0.344399875	0.351194502	0.258451176	-0.258451176	0.049559522	0.134532652	0.03710779	0.39528899	0.244303752	-0.244881018	-0.235039771	-0.147095463	0.083896895	0.184520543	0.251768981	ECU	TGG	ECU-TGG	filtered_YE41_tclust	filtered_WH10_tclust
92	0.653260402	0.214130354	0.217409534	0.235699321	0.276437951	0.161282823	0.197569353	0.081528961	0.152072211	0.088283917	0.230316309	0.11438612	-1.64924236	1.64924236	-0.693723915	0.488216857	-0.183649089	0.505894069	-0.065092595	0.032565267	-0.04585137	0.062817057	-0.058722299	0.270701757	-0.212799856	ECU	TGG	ECU-TGG	filtered_YE41_tclust	filtered_WH18_tclust
93	0.693939651	0.475523592	0.420599926	0.391570532	0.354195937	0.391364646	0.361831597	0.190275413	0.283221434	0.260254585	0.285153776	0.22350713	-0.065968142	0.065968142	-0.472959896	0.256995236	-0.122749706	0.171579172	0.356291918	-0.135033944	-0.022754214	0.187901747	0.135951782	0.190465031	0.07302008	ECU	TGG	ECU-TGG	filtered_YE41_tclust	filtered_YE182_tclust
94	0.070814987	0.218548717	0.127279978	0.041484199	0.054753781	-0.000602133	0.110559644	-0.640537488	-0.023033327	-0.000740156	0.00489265	-0.277056669	-4.114015694	4.114015694	0.564736021	-0.581225895	-0.343575339	-0.576947713	0.314894045	-0.010535071	-0.176532084	0.53454657	-0.046110563	0.23758518	-0.389120427	ECU	TGG	ECU-TGG	filtered_YE41_tclust	filtered_YE188_tclust
95	0.530163749	0.63483763	0.465389053	0.497801945	0.586001889	0.507938794	0.496041494	0.446945114	0.420348801	0.430175533	0.417109008	0.446679523	1.335222235	-1.335222235	0.451002243	0.487326001	-0.029394186	0.147491663	0.372113828	0.133791461	-0.105840207	-0.101715221	-0.010843952	0.154625238	0.077987357	ECU	TGG	ECU-TGG	filtered_YE41_tclust	filtered_YE189_tclust
96	0.382853766	0.377507623	0.128844699	0.13995404	0.089324238	0.074021604	0.122626309	-0.397444688	-0.217840843	0.140233914	0.017637768	-0.11645651	-3.219674391	3.219674391	-0.225289732	0.139768509	-0.3429224	-0.57629671	0.798106417	-0.204568163	-0.301617377	0.302435066	-0.227595472	-0.224092268	-0.162096632	ECU	TGG	ECU-TGG	filtered_YE182_tclust	filtered_BL65_tclust
97	0.098719001	0.33563357	-0.044329758	-0.094129522	0.246771105	-0.002421675	0.129245323	-0.450405337	-0.141948244	0.007697763	-0.229001105	-0.292059763	-4.276813656	4.276813656	0.617651877	0.259070921	-0.151785931	-0.665447571	0.649917674	0.739716191	-0.596015871	0.583313913	-0.02127655	0.154358527	0.154107595	ECU	TGG	ECU-TGG	filtered_YE182_tclust	filtered_BR82_tclust
98	-0.130091305	0.273547014	-0.16375457	-0.182055105	-0.138345147	-0.060977474	0.157341609	-0.718810713	-0.430529201	-0.293410697	-0.317016105	-0.342892301	-5.923177314	5.923177314	0.790146427	-0.381930639	0.459797157	-0.715930703	1.199762315	0.207575362	-0.512223819	0.050213675	-0.096388009	0.112859746	0.16375574	ECU	TGG	ECU-TGG	filtered_YE182_tclust	filtered_DP51LP79_tclust
99	-0.482630148	-0.25585509	-0.405620453	-0.53846317	-0.510002821	-0.362140287	-0.326305994	-1.326054183	-0.722633699	-0.688432468	-0.61862526	-0.762809929	-10.08801287	10.08801287	0.896842218	-0.942903374	-0.230726706	-0.483198254	0.596315783	0.048390458	-0.402550883	0.063856647	0.089897201	0.122461866	0.0598202	ECU	TGG	ECU-TGG	filtered_YE182_tclust	filtered_DP77_tclust
100	0.188920672	0.222728709	0.087247148	0.13241258	-0.046093108	0.046129552	0.297636362	-0.277476623	-0.165443015	-0.120821511	-0.131155625	-0.040442278	-3.705341187	3.705341187	0.240145674	-0.004938595	0.658605312	-0.26515874	0.574342941	-0.249903397	0.084847485	-0.121156394	0.086920066	0.077098915	0.091530291	ECU	TGG	ECU-TGG	filtered_YE182_tclust	filtered_WH10_tclust
101	-0.018827797	0.08195595	-0.030227717	-0.116945655	0.004462686	-0.143054354	-0.117024559	-0.720239139	-0.19761844	-0.270159134	-0.271516443	-0.379454782	-5.816342586	5.816342586	0.502617742	-0.201764942	-0.567034703	-0.425103934	0.358448808	0.293428821	-0.050926542	0.303918176	0.205118118	0.366950989	-0.116567737	ECU	TGG	ECU-TGG	filtered_YE182_tclust	filtered_WH18_tclust
102	0.545795458	0.425003078	0.200032341	0.110880253	0.281114785	0.117916291	0.187177679	-0.279137537	-0.071646654	-0.11312528	0.076413306	-0.044567046	-2.611815841	2.611815841	-0.645458668	0.08005041	-0.253306519	-0.180554481	0.91568546	0.527679505	-0.123606336	0.100463479	0.089112178	0.293007608	-0.180290758	ECU	TGG	ECU-TGG	filtered_YE182_tclust	filtered_YE188_tclust
103	0.464354496	0.381240436	0.122383311	0.134555981	0.107957667	-0.008737839	0.097896825	-0.432350118	-0.184539741	-0.253508514	-0.202615224	0.109578615	-3.572290033	3.572290033	-0.660180658	0.356374598	-0.126459069	-0.673900216	0.9257572	0.156789438	0.178475657	-0.564380708	0.32702527	0.456851896	0.066057804	ECU	TGG	ECU-TGG	filtered_YE182_tclust	filtered_YE189_tclust
104	0.448766861	0.041430914	0.106874028	-0.09452234	-0.001253982	-0.008367312	-0.08239946	-0.484063812	-0.220518756	-0.09551738	-0.207167536	-0.215971414	-4.679450081	4.679450081	-0.781673071	0.128463805	-0.564259489	-0.098109772	0.117659668	-0.015800137	-0.30133495	0.241938625	0.427635183	-0.079036711	0.070974946	ECU	TGG	ECU-TGG	filtered_YE182_tclust	filtered_YE41_tclust
105	0.375321899	0.51775409	0.44279694	0.399608418	0.502851655	0.453484687	0.388321156	0.176151863	0.311894498	0.415922735	0.314317284	0.37425246	0.291701931	-0.291701931	0.662029468	0.183221682	-0.276424143	-0.142923676	0.184897716	0.071157032	-0.172822635	-0.159560886	0.075655908	-0.050991149	0.06111728	ECU	TGG	ECU-TGG	filtered_YE188_tclust	filtered_BL65_tclust
106	0.502488737	0.647752915	0.36434585	0.335203055	0.487242933	0.531357075	0.366223984	0.277039869	0.300677355	0.460882822	0.489158695	0.408679993	0.692576448	-0.692576448	0.378839387	0.275139466	-0.413142623	0.167155778	0.546419688	-0.005742604	-0.723623901	-0.212231812	-0.238255482	0.043260575	-0.003532658	ECU	TGG	ECU-TGG	filtered_YE188_tclust	filtered_BR82_tclust
107	0.448795803	0.337816857	0.22679168	0.262975852	0.219438507	0.337187504	0.265338545	0.116403597	0.169637952	0.200743169	0.325726627	0.272704112	-1.108215293	1.108215293	0.06773332	0.185941295	-0.112667824	0.424801904	0.166555756	-0.318881098	-0.35430826	-0.325800641	-0.202017154	0.156821386	-0.038896456	ECU	TGG	ECU-TGG	filtered_YE188_tclust	filtered_DP51LP79_tclust
108	0.710000322	0.602017705	0.468425772	0.414087277	0.463565691	0.453507814	0.468707861	0.296691421	0.304759846	0.32083529	0.402019307	0.389740707	0.805886089	-0.805886089	-0.342280386	0.304340911	0.012085067	0.132820166	0.539964888	0.038123891	-0.199660198	-0.108219088	0.088359407	0.136887338	-0.047504114	ECU	TGG	ECU-TGG	filtered_YE188_tclust	filtered_DP77_tclust
109	0.570721094	0.559853885	0.437828109	0.448028507	0.447756637	0.551518367	0.560167394	0.393160558	0.369137913	0.413691868	0.514331362	0.48928304	1.22048471	-1.22048471	0.203624499	0.134139589	0.253517118	0.325797907	0.289937706	-0.147069754	-0.33673946	-0.310877396	-0.163162202	0.05048189	0.002057028	ECU	TGG	ECU-TGG	filtered_YE188_tclust	filtered_WH10_tclust
110	0.807640044	0.265195246	0.256991247	0.277538552	0.166976658	0.344052019	0.287661909	0.05063427	0.099937342	0.27004132	0.481702507	0.113812428	-0.925691893	0.925691893	-1.113623734	-0.019374343	-0.1614752	0.62331727	0.098940513	-0.467116491	-0.427900465	0.203045862	-0.504961987	-0.112448664	-0.275989372	ECU	TGG	ECU-TGG	filtered_YE188_tclust	filtered_WH18_tclust
111	0.706312252	0.624376936	0.498068688	0.416430173	0.413595557	0.513769782	0.496663122	0.29269724	0.3229886	0.280958165	0.50027683	0.396173005	0.966727397	-0.966727397	-0.343146102	0.005080796	0.053762527	0.301724543	0.672911012	-0.084246863	-0.236254848	-0.169064754	0.052090619	0.191247339	-0.113485505	ECU	TGG	ECU-TGG	filtered_YE188_tclust	filtered_YE182_tclust
112	0.535199315	0.629672626	0.522684562	0.545534837	0.704773408	0.531384358	0.495462275	0.483977936	0.446963799	0.43672253	0.481976421	0.53753409	1.767732255	-1.767732255	0.507245174	0.503562802	-0.182763872	0.1884631	0.257816277	0.343043238	0.039597021	-0.302550402	-0.004055852	0.098340083	-0.019207758	ECU	TGG	ECU-TGG	filtered_YE188_tclust	filtered_YE189_tclust
113	0.170253634	0.08400172	0.064314694	-0.0045966	-0.121540091	0.021452933	0.078980454	-0.609772016	-0.068560285	0.142348583	0.100015415	-0.020114554	-4.034678893	4.034678893	0.204490745	-0.465308823	-0.278710708	-0.414915982	-0.181967963	-0.680165933	-0.655391418	-0.104439221	-0.226353864	0.010475216	-0.458661239	ECU	TGG	ECU-TGG	filtered_YE188_tclust	filtered_YE41_tclust
114	-0.059590289	0.035291138	-0.03404091	0.070189371	-0.061355937	0.031589764	0.210807986	-0.546969058	-0.40334816	0.121781441	-0.14362847	-0.210170332	-4.726373645	4.726373645	0.813851306	-0.24952258	0.334227289	-0.600354538	0.158761868	-0.305048248	-0.177239106	0.136264306	-0.489001503	-0.773942308	0.070448746	ECU	TGG	ECU-TGG	filtered_YE189_tclust	filtered_BL65_tclust
115	0.023500109	-0.000392798	-0.21219477	0.053424094	0.165448436	-0.18383556	0.108300378	-0.375447492	-0.276876449	-0.08835081	-0.28342196	-0.034896702	-4.903611343	4.903611343	0.633915303	0.785153669	0.283449432	-0.463767742	-0.164317058	0.442301505	0.059445947	-0.371714182	-0.433136361	-0.007902178	0.047054079	ECU	TGG	ECU-TGG	filtered_YE189_tclust	filtered_BR82_tclust
116	0.183573161	-0.36808955	-0.262844664	-0.226940992	-0.18611973	-0.494525749	0.252233759	-0.91678147	-0.620430348	-0.531997934	-0.502437939	-0.592461692	-7.695402842	7.695402842	-0.758734238	-0.216936876	1.358537233	-0.514978037	-0.155061077	0.684234663	0.333460874	0.438187247	-0.15730849	-0.205439535	-0.350875484	ECU	TGG	ECU-TGG	filtered_YE189_tclust	filtered_DP51LP79_tclust
117	0.605661807	-0.361746752	-0.363148267	-0.163225414	-0.477249066	-0.261738965	-0.118544239	-0.851094472	-0.696897855	-0.465460604	-0.654768024	-0.543386482	-7.876208882	7.876208882	-2.117851624	0.275298845	0.423270334	-0.206997002	0.016755218	-0.456764398	0.125418109	0.300465146	-0.213255999	-0.174690734	0.696538748	ECU	TGG	ECU-TGG	filtered_YE189_tclust	filtered_DP77_tclust
118	0.026926285	-0.094350482	-0.085575735	0.036176382	-0.060718323	-0.189470102	0.492360809	-0.452732229	-0.370080761	-0.36127945	-0.280861341	-0.294957553	-5.31188812	5.31188812	0.329827293	-0.241199197	1.700973854	-0.249665867	0.180458586	0.406328335	0.494700712	0.114185247	-0.169921315	-0.145898373	-0.101049221	ECU	TGG	ECU-TGG	filtered_YE189_tclust	filtered_WH10_tclust
119	0.755237437	-0.148966727	-0.102013747	0.104261476	0.10791711	-0.118417845	-0.018674088	-0.643538536	-0.370850434	-0.453801969	-0.122121629	-0.267562802	-5.077479314	5.077479314	-2.031323925	0.085241309	-0.23761359	0.11188817	0.016659113	0.598426725	0.644600649	-0.027303102	-0.504942258	0.178932277	-0.052066821	ECU	TGG	ECU-TGG	filtered_YE189_tclust	filtered_WH18_tclust
120	0.687744992	-0.169592212	-0.086567939	-0.106372762	-0.130321038	-0.226031406	0.052455958	-0.820040698	-0.49363141	-0.538964374	-0.428333753	-0.384219562	-6.283518901	6.283518901	-2.113304336	-0.084008479	0.363681985	-0.326691247	0.214719961	0.410948978	0.352900176	0.140268035	0.163921672	0.099231488	0.123145256	ECU	TGG	ECU-TGG	filtered_YE189_tclust	filtered_YE182_tclust
121	0.051747061	0.191487727	0.104161342	0.273492118	0.166175476	-0.001018898	0.186265348	-0.346182991	-0.159407823	-0.175861119	-0.095653989	-0.198457861	-3.834354765	3.834354765	0.674396159	-0.029668406	0.09776417	-0.282520562	0.53646749	0.239475282	0.765423444	0.175475062	-0.174921202	0.062972676	-0.062132453	ECU	TGG	ECU-TGG	filtered_YE189_tclust	filtered_YE188_tclust
122	0.209717661	0.08682916	0.079714963	0.044584263	0.227988039	0.064789789	0.162124908	-0.351419306	-0.244141351	-0.159239018	-0.182695923	-0.177616795	-4.099013415	4.099013415	0.11327424	0.046154755	0.056943801	-0.122466354	0.277631447	0.654878417	0.166666617	0.084541179	0.095598919	-0.226093707	0.21912703	ECU	TGG	ECU-TGG	filtered_YE189_tclust	filtered_YE41_tclust
123	1.040280522	0.53408567	0.607200405	0.566856766	0.541771259	0.57470895	0.600527088	0.383431568	0.511307147	0.452809732	0.58728677	0.510938455	2.233652178	-2.233652178	-1.146839874	0.111977145	0.087115015	0.289362042	-0.018238197	-0.091378301	-0.042863221	0.00131742	-0.00077126	0.164045816	-0.105245373	ECU	TGC	ECU-TGC	filtered_NewRunDP99_tclust	filtered_NewRunLP47_tclust
124	0.943198148	0.682153973	0.718913202	0.676470828	0.593651128	0.693939427	0.704502046	0.541654776	0.607942759	0.609911681	0.632432996	0.559216038	3.200795537	-3.200795537	-0.565864968	0.093485519	0.177029364	0.184171809	0.17122962	-0.254654644	-0.00936599	0.157361918	0.074140874	0.050007067	0.01596648	ECU	TGC	ECU-TGC	filtered_NewRunDP99_tclust	filtered_NewRunLP49_tclust
125	0.900068002	0.766253789	0.94859181	0.772910125	0.723735377	0.891436981	0.722800337	0.546688291	0.728421019	0.64159458	0.725562863	0.613970187	4.170197976	-4.170197976	-0.270755439	-0.404319798	-0.202019978	0.173303601	0.257095028	-0.141185633	0.239067401	0.14970579	0.377118478	-0.036618665	0.120521138	ECU	TGC	ECU-TGC	filtered_NewRunDP99_tclust	filtered_NewRunLP74_tclust
126	1.061214141	0.72279853	0.772344487	0.78962575	0.745782845	0.774551181	0.762509139	0.669836929	0.75578231	0.693907753	0.74925181	0.665776104	4.264596093	-4.264596093	-0.684441435	0.192912185	0.09090083	0.270537413	-0.018971713	-0.10775507	0.09437037	0.146372656	-0.054397147	0.158932998	0.016507519	ECU	TGC	ECU-TGC	filtered_NewRunDP99_tclust	filtered_NewRunLP85_tclust
127	0.951373706	0.91116916	0.825727935	0.694114951	0.557818545	0.939009303	0.854500737	0.142053909	0.538001844	0.540160337	0.771814777	0.467629485	3.54819518	-3.54819518	-0.720908685	-1.209540412	0.159121155	-0.344246444	1.020435265	-0.1744832	-0.137747943	0.253030455	-0.124957625	-0.007249073	0.119209472	ECU	TGC	ECU-TGC	filtered_NewRunDP99_tclust	filtered_NewRunLP87_tclust
128	0.611116348	0.523696916	0.633361172	0.618049335	0.687376308	0.604745394	0.549758812	0.438300917	0.624120001	0.587192336	0.603854661	0.472173928	2.311877082	-2.311877082	0.364129695	0.062370737	-0.257105376	0.246869267	-0.285272026	0.07182135	0.107348432	0.145559003	-0.046068378	0.052214388	-0.120251217	ECU	TGC	ECU-TGC	filtered_NewRunDP99_tclust	filtered_NewRunPU167_tclust
129	0.979389247	0.746541055	0.895627114	0.699390424	0.633438807	0.838070121	0.797105272	0.500385583	0.719338513	0.594746843	0.725671694	0.501823004	3.841807953	-3.841807953	-0.604154763	-0.529176327	0.155785455	0.22238164	0.31404105	-0.161659107	0.06388913	0.426212809	0.323003413	0.0789176	0.028563205	ECU	TGC	ECU-TGC	filtered_NewRunDP99_tclust	filtered_NewRunPU170_tclust
130	0.612159625	0.648078645	0.789555352	0.538090285	0.589941023	0.762433849	0.633619053	0.414113143	0.616119012	0.459764907	0.670547141	0.594773849	2.685889969	-2.685889969	0.306617172	-0.548370473	-0.078747453	0.347195047	0.218523791	-0.058141607	-0.115479644	-0.276700392	0.424098509	0.091921458	-0.068747481	ECU	TGC	ECU-TGC	filtered_NewRunDP99_tclust	filtered_SameEarlierALP68_tclust
131	0.876617205	0.651958505	0.704441901	0.601785337	0.529995017	0.729895655	0.734913758	0.463664176	0.609480022	0.556142001	0.779158793	0.542765297	3.049909862	-3.049909862	-0.450489495	-0.38574709	0.250348805	0.407556727	0.193098187	-0.290368169	-0.236318381	0.057570758	-0.065992493	0.093025264	-0.202361296	ECU	TGC	ECU-TGC	filtered_NewRunDP99_tclust	filtered_SameEarlierALP75_tclust
132	0.982955213	0.394198695	0.603663907	0.572092878	0.288043153	0.544651853	0.419044253	-0.03484254	0.253241282	0.455008927	0.43244639	0.530245509	0.98045789	-0.98045789	-1.417700123	-0.268220441	-0.313765711	-0.294068645	-0.11344818	-0.768610977	0.110071964	-0.403798542	0.005933119	-0.292650463	0.02236637	ECU	TGC	ECU-TGC	filtered_NewRunLP47_tclust	filtered_NewRunDP99_tclust
133	0.700919169	0.536915251	0.579939035	0.547251705	0.442023177	0.468294012	0.728658605	0.353511779	0.423069593	0.504478231	0.473207351	0.543418563	1.73607642	-1.73607642	-0.161259053	0.106674809	0.697488699	-0.11747645	0.021469523	-0.284498248	-0.051362267	-0.156793636	0.071904558	-0.066723837	-0.216127773	ECU	TGC	ECU-TGC	filtered_NewRunLP47_tclust	filtered_NewRunLP49_tclust
134	1.089571107	0.762297018	0.864438076	0.751446576	0.832561008	0.912018046	0.84340933	0.729718776	0.747397921	0.753277874	0.764607916	0.739743569	4.834866432	-4.834866432	-0.670761134	0.043611705	0.154312796	0.284459566	0.025884705	0.10120862	-0.110455814	0.050447914	0.145621196	-0.108346895	0.206135129	ECU	TGC	ECU-TGC	filtered_NewRunLP47_tclust	filtered_NewRunLP74_tclust
135	1.006466038	0.819554193	0.804184594	0.854183828	0.920371567	0.835437614	0.868469422	0.773793987	0.787597423	0.820312035	0.79956022	0.807234159	5.120881129	-5.120881129	-0.285840153	0.352156276	0.181112321	0.074232042	-0.01128409	0.167870335	0.042573463	-0.031252605	-0.162692479	0.001235189	0.031458348	ECU	TGC	ECU-TGC	filtered_NewRunLP47_tclust	filtered_NewRunLP85_tclust
136	0.816404486	0.747641198	0.870066132	0.681157888	0.456789261	0.867997578	0.95473965	0.200383456	0.458681804	0.69840305	0.666767651	0.705926093	3.483193503	-3.483193503	-0.345062727	-0.998337856	0.69251418	-0.586735636	0.419285615	-0.586313002	-0.210070043	-0.286919038	0.135635686	-0.527444644	0.065801235	ECU	TGC	ECU-TGC	filtered_NewRunLP47_tclust	filtered_NewRunLP87_tclust
137	1.154489138	0.543210087	0.681669665	0.632433971	0.831249703	0.569396071	0.618670777	0.229859905	0.546622255	0.605303332	0.529248149	0.64272119	2.878631479	-2.878631479	-1.38398002	0.266696027	-0.264094165	-0.411754684	-0.417034233	0.497585871	0.06339293	-0.097321536	0.011547817	-0.031358314	-0.099629971	ECU	TGC	ECU-TGC	filtered_NewRunLP47_tclust	filtered_NewRunPU167_tclust
138	0.946648605	0.774837913	0.866160354	0.754555836	0.845633224	0.886497407	0.896999428	0.685953073	0.73038335	0.724086653	0.793979568	0.722415718	4.724273781	-4.724273781	-0.25777797	-0.141611804	0.304074634	0.206614387	0.1074368	0.203955531	-0.035679314	0.015530399	0.083959635	-0.130231841	0.053083702	ECU	TGC	ECU-TGC	filtered_NewRunLP47_tclust	filtered_NewRunPU170_tclust
139	1.165273165	0.58445596	0.738803763	0.59505027	0.70173761	0.660988356	0.641765105	0.077023448	0.461391181	0.570248263	0.386977546	0.727373406	2.674918618	-2.674918618	-1.562906185	-0.036142559	-0.15009606	-0.786607221	-0.194477892	0.233593672	-0.03735956	-0.41158773	0.341128241	-0.154982618	0.260339732	ECU	TGC	ECU-TGC	filtered_NewRunLP47_tclust	filtered_SameEarlierALP68_tclust
140	0.886831272	0.592526805	0.747479706	0.682390585	0.495433847	0.659604374	0.710840631	0.354193121	0.478577075	0.641430301	0.536888175	0.706600015	2.821868307	-2.821868307	-0.58910197	-0.05132711	0.282656812	-0.269577759	-0.04837488	-0.53759769	0.055061865	-0.341988117	0.181624328	-0.279434522	0.020063006	ECU	TGC	ECU-TGC	filtered_NewRunLP47_tclust	filtered_SameEarlierALP75_tclust
141	0.581842828	0.591325134	0.460227199	0.508670451	0.382298066	0.460516113	0.707455475	0.051131748	0.284534289	0.554917019	0.364879895	0.155710287	0.722231547	-0.722231547	0.040582263	-0.26388044	0.580474738	-0.602154328	0.425177714	-0.211822509	-0.149276968	0.710354277	-0.333583123	-0.251363246	-0.018775674	ECU	TGC	ECU-TGC	filtered_NewRunLP49_tclust	filtered_NewRunDP99_tclust
142	0.585259219	0.418371192	0.340518586	0.361442174	0.31357132	0.148719958	0.613557949	-0.048969529	0.09984438	0.388121911	0.195774814	0.288079786	-0.56590924	0.56590924	-0.309230061	0.28371032	0.793328005	-0.749322454	0.122110877	-0.067676471	-0.148911891	0.043235549	-0.124498699	-0.230359508	-0.392142478	ECU	TGC	ECU-TGC	filtered_NewRunLP49_tclust	filtered_NewRunLP47_tclust
143	0.576680159	0.67252784	0.575477729	0.549875939	0.68028502	0.67138925	0.880390775	0.28843364	0.451868816	0.649967284	0.452200239	0.459605014	2.345422248	-2.345422248	0.435950742	-0.218231426	0.725884452	-0.526182365	0.203411126	0.363669947	-0.285332269	0.214640103	-0.157199063	-0.303171949	0.227917181	ECU	TGC	ECU-TGC	filtered_NewRunLP49_tclust	filtered_NewRunLP74_tclust
144	0.671750312	0.731003771	0.722364101	0.721576436	0.738836024	0.706543979	0.705696439	0.581312656	0.665959874	0.730746847	0.667819776	0.586587884	3.472771997	-3.472771997	0.4446393	0.148592774	-0.006522728	0.023276891	0.08238458	-0.046523531	0.018293537	0.156835136	-0.057741383	-0.046149703	-0.056044259	ECU	TGC	ECU-TGC	filtered_NewRunLP49_tclust	filtered_NewRunLP85_tclust
145	0.432381024	0.460383168	0.586072544	0.494404202	0.439204966	0.669707556	0.525139756	0.224429492	0.417724562	0.528041767	0.55855416	0.286318673	1.159285905	-1.159285905	0.595759832	-0.590481598	-0.144393846	0.269176505	0.016893896	-0.301085276	-0.125982936	0.258152446	-0.09954103	-0.303995648	0.050658608	ECU	TGC	ECU-TGC	filtered_NewRunLP49_tclust	filtered_NewRunLP87_tclust
146	0.7354381	0.644399886	0.590723214	0.618890036	0.597761833	0.540450416	0.475191673	0.126996233	0.369312675	0.560707374	0.447909766	0.449458021	1.650984374	-1.650984374	-0.274599074	0.092450315	-0.454602662	-0.52008369	0.285300613	-0.053569775	0.101404443	0.023800103	-0.127529726	-0.141050792	-0.023346866	ECU	TGC	ECU-TGC	filtered_NewRunLP49_tclust	filtered_NewRunPU167_tclust
147	0.441515391	0.636649897	0.576735449	0.573923111	0.626962932	0.67706294	0.336105551	0.256824787	0.406002137	0.64390194	0.509362193	0.36397987	1.541470652	-1.541470652	0.755245295	0.004509084	-0.95905333	-0.070951708	0.279262065	-0.110246008	-0.095386095	0.164250012	-0.17728471	-0.302428327	0.18186098	ECU	TGC	ECU-TGC	filtered_NewRunLP49_tclust	filtered_NewRunPU170_tclust
148	0.936551562	0.561169273	0.667858718	0.498013971	0.461040752	0.680545668	0.555049001	0.020202711	0.504482068	0.589132479	0.402439938	0.464148585	1.79789792	-1.79789792	-0.948503135	-0.432381888	-0.243154953	-0.518488239	-0.07816055	-0.311566081	-0.330267086	0.149815951	0.270495636	-0.024369046	0.301579095	ECU	TGC	ECU-TGC	filtered_NewRunLP49_tclust	filtered_SameEarlierALP68_tclust
149	0.367488552	0.525081354	0.601230126	0.492873084	0.397729918	0.68539263	0.289025997	0.173454081	0.335438151	0.398268919	0.483931139	0.452925747	0.793644445	-0.793644445	0.674968081	-0.424258933	-0.785116176	0.230719685	0.32796931	-0.478675048	-0.007245577	-0.453567649	0.162469043	-0.181488896	0.191767734	ECU	TGC	ECU-TGC	filtered_NewRunLP49_tclust	filtered_SameEarlierALP75_tclust
150	0.470867814	0.623738482	0.818696143	0.742881501	0.363868161	0.874646555	0.501878041	0.16276487	0.352827957	0.521812652	0.684607131	0.416903818	2.064507375	-2.064507375	0.488960199	-1.123393964	-0.538499753	0.104549873	0.615101187	-0.898539962	0.426803652	-0.104181678	-0.041013937	-0.555167899	0.138750601	ECU	TGC	ECU-TGC	filtered_NewRunLP74_tclust	filtered_NewRunDP99_tclust
151	0.953637565	0.648350474	0.76198334	0.66296389	0.778411458	0.757308991	0.82271944	0.608469624	0.722926264	0.684559622	0.700337203	0.799391764	4.040661604	-4.040661604	-0.427750445	0.100645584	0.332622051	0.136054911	-0.292296291	0.144863272	-0.186967855	-0.288884867	0.133879718	0.032499634	-0.013192984	ECU	TGC	ECU-TGC	filtered_NewRunLP74_tclust	filtered_NewRunLP47_tclust
152	0.678714597	0.710575286	0.688385634	0.711948433	0.607472585	0.690013612	0.769062644	0.501125867	0.614562327	0.584295443	0.615784915	0.622558702	3.101689859	-3.101689859	0.252100808	-0.05874068	0.388210601	-0.024470161	0.221753291	-0.201684468	0.114853405	-0.114053441	-0.016378445	0.098655918	0.010206861	ECU	TGC	ECU-TGC	filtered_NewRunLP74_tclust	filtered_NewRunLP49_tclust
153	0.81944563	0.881745145	0.887113868	0.804860405	0.92521577	0.893858676	0.878881576	0.724912628	0.818013633	0.767313081	0.81682557	0.792498451	5.087088416	-5.087088416	0.281860003	-0.042961027	0.117230329	0.056139045	0.205749306	0.257079989	0.002118032	-0.083465956	0.094625884	0.03539806	0.003291721	ECU	TGC	ECU-TGC	filtered_NewRunLP74_tclust	filtered_NewRunLP85_tclust
154	0.757738096	0.582318832	0.599616582	0.520468922	0.490114105	0.745003043	0.90432163	0.449002943	0.493424691	0.511036381	0.594726158	0.539362972	2.533963767	-2.533963767	-0.189748155	-0.420410173	1.014010284	0.239152473	0.15407424	-0.087867214	-0.361277078	-0.068897726	-0.055652889	-0.118293385	0.193526191	ECU	TGC	ECU-TGC	filtered_NewRunLP74_tclust	filtered_NewRunLP87_tclust
155	0.84297887	0.788142882	0.903605822	0.706118354	0.722902344	0.7853217	0.771528678	0.651509774	0.690644171	0.681429608	0.734229845	0.741903583	4.178157097	-4.178157097	-0.052323119	-0.039050683	0.096203297	0.151584684	0.235436618	-0.123780219	-0.028971387	-0.154297492	0.406580008	-0.0766475	-0.135879337	ECU	TGC	ECU-TGC	filtered_NewRunLP74_tclust	filtered_NewRunPU167_tclust
156	0.175641387	0.064445952	0.186691191	0.10664087	0.330494354	0.235357746	0.384670839	-0.202340939	0.108671935	0.073706034	0.151450773	0.097864339	-2.35162838	2.35162838	0.602595703	-0.406020523	0.323857716	0.099300295	-0.457923081	0.528745006	-0.194852662	-0.167693129	-0.073911195	-0.062449501	-0.062942361	ECU	TGC	ECU-TGC	filtered_NewRunLP74_tclust	filtered_NewRunPU170_tclust
157	0.901225923	0.832315376	0.860198462	0.7476337	0.884833545	0.744862718	0.818376914	0.660648691	0.766900875	0.761906265	0.730789737	0.827936231	4.640012211	-4.640012211	-0.082664819	0.264841513	0.095416719	-0.136961551	0.049996082	0.212447741	-0.061244203	-0.190678567	0.234760487	0.055622013	-0.178580906	ECU	TGC	ECU-TGC	filtered_NewRunLP74_tclust	filtered_SameEarlierALP68_tclust
158	0.678855104	0.849448201	0.72961221	0.807389748	0.767397525	0.694479522	0.887362612	0.650476772	0.711246901	0.703320615	0.676873668	0.760179093	4.114038406	-4.114038406	0.534700279	0.2408214	0.543524711	-0.228430867	0.274910445	-0.007071035	0.130257195	-0.182452783	-0.086391581	0.151381943	-0.102584074	ECU	TGC	ECU-TGC	filtered_NewRunLP74_tclust	filtered_SameEarlierALP75_tclust
159	0.75391314	0.51844557	0.482355025	0.507789493	0.592108003	0.497444395	0.711013975	0.270048227	0.466356801	0.442053837	0.415951324	0.441301603	1.554526065	-1.554526065	-0.323621964	0.098706731	0.546037682	-0.160982878	-0.066732083	0.301285521	-0.076726962	0.064180319	-0.106395089	0.142850268	0.035211679	ECU	TGC	ECU-TGC	filtered_NewRunLP85_tclust	filtered_NewRunDP99_tclust
160	0.771361192	0.557442172	0.61152634	0.578887925	0.695783132	0.678610543	0.690996328	0.392766615	0.589782505	0.473471895	0.581558052	0.611048697	2.573657439	-2.573657439	-0.188621321	-0.103630564	0.187862901	0.148733457	-0.141807184	0.301574794	-0.035429641	-0.27005855	-0.014768665	0.157540712	0.087198296	ECU	TGC	ECU-TGC	filtered_NewRunLP85_tclust	filtered_NewRunLP47_tclust
161	0.595211	0.604542673	0.595772762	0.551273899	0.567143742	0.613432935	0.664221459	0.412620964	0.628991955	0.482265484	0.638059032	0.433493645	2.173486563	-2.173486563	0.352416077	-0.235043962	0.207883183	0.302014555	0.087529421	-0.01603821	-0.107665002	0.164670476	-0.054571557	0.299517899	-0.16787908	ECU	TGC	ECU-TGC	filtered_NewRunLP85_tclust	filtered_NewRunLP49_tclust
162	0.670957907	0.727545007	0.786637212	0.601450316	0.882481297	0.829516135	0.857999614	0.519852205	0.69150036	0.556647829	0.802410763	0.573736909	3.752073791	-3.752073791	0.404671777	-0.548995847	0.245136939	0.299692837	0.198587299	0.69881637	-0.13704354	0.04071718	0.040156085	0.005967302	-0.133204673	ECU	TGC	ECU-TGC	filtered_NewRunLP85_tclust	filtered_NewRunLP74_tclust
163	0.56749314	0.637210254	0.719372138	0.672000992	0.864366589	0.793927967	0.758340876	0.463315107	0.526842385	0.548931191	0.775334686	0.595724223	3.251244404	-3.251244404	0.586780314	-0.424209456	0.042788639	0.261393451	0.131997124	0.583413398	0.151666065	-0.247053501	-0.246953178	-0.305158395	-0.109997582	ECU	TGC	ECU-TGC	filtered_NewRunLP85_tclust	filtered_NewRunLP87_tclust
164	0.834169271	0.341204898	0.316127545	0.299150112	0.37842902	0.527043726	0.464055797	0.146234547	0.314554119	0.314932984	0.331436763	0.502944828	0.300387304	-0.300387304	-0.913427141	0.115219553	0.164532945	0.205672903	-0.253410829	-0.024907365	-0.572176937	-0.514536484	-0.084013226	0.151550338	0.359139192	ECU	TGC	ECU-TGC	filtered_NewRunLP85_tclust	filtered_NewRunPU167_tclust
165	0.420122836	0.52815657	0.575083136	0.510951517	0.519412743	0.669338517	0.629566134	0.276862579	0.573139982	0.438224216	0.655057975	0.452994422	1.7286699	-1.7286699	0.746697048	-0.645692658	0.111160238	0.310985077	-0.002748053	-0.060758351	-0.141411939	-0.122959906	-0.125078481	0.174165362	-0.114563895	ECU	TGC	ECU-TGC	filtered_NewRunLP85_tclust	filtered_NewRunPU170_tclust
166	1.017136245	0.746525629	0.817714155	0.753790804	0.872155203	0.764603481	0.766956699	0.322088156	0.688157285	0.683716854	0.746187993	0.625331182	4.029631535	-4.029631535	-0.692986346	-0.29756625	-0.19398258	-0.330982015	0.028770268	0.374357699	0.103616878	0.140621341	-0.103357736	0.016484298	-0.14958932	ECU	TGC	ECU-TGC	filtered_NewRunLP85_tclust	filtered_SameEarlierALP68_tclust
167	0.196986164	0.373630391	0.290844119	0.433026921	0.504402454	0.637126345	0.515786805	-0.159057145	0.458134872	-0.002007553	0.625474241	0.25243839	-0.09656814	0.09656814	0.937182986	-1.389845725	-0.039627324	0.398531716	0.115720867	0.562432861	0.187999601	-0.408794226	-0.749704229	0.685362293	0.015379505	ECU	TGC	ECU-TGC	filtered_NewRunLP85_tclust	filtered_SameEarlierALP75_tclust
168	0.620570229	0.480153076	0.571850579	0.501259151	0.155339543	0.682604949	0.647133358	-0.129144285	0.173895796	0.19960097	0.36231976	0.098035605	0.110996216	-0.110996216	-0.471347343	-1.305835527	0.505784625	-0.119049241	0.765396488	-0.516894982	0.266926058	0.34494505	-0.013308117	-0.254542747	0.408140827	ECU	TGC	ECU-TGC	filtered_NewRunLP87_tclust	filtered_NewRunDP99_tclust
169	0.640711867	0.46783976	0.586560405	0.494237641	0.46332318	0.627000962	0.686412855	0.198536156	0.360561689	0.494038245	0.464795726	0.499918817	1.486058152	-1.486058152	-0.086118524	-0.390408501	0.423694137	-0.107731813	-0.049254007	-0.136863059	-0.157378161	-0.217986951	0.027688573	-0.323724627	0.109582372	ECU	TGC	ECU-TGC	filtered_NewRunLP87_tclust	filtered_NewRunLP47_tclust
170	0.434910569	0.486018527	0.474552793	0.45879483	0.406672602	0.455690482	0.46404164	0.335285733	0.401299306	0.409345438	0.372231603	0.403865926	0.646150727	-0.646150727	0.550193681	0.214006975	0.071308089	0.166519907	0.07352305	-0.277482804	-0.054581721	-0.114481666	0.123822211	0.08335492	0.004147925	ECU	TGC	ECU-TGC	filtered_NewRunLP87_tclust	filtered_NewRunLP49_tclust
171	0.77582562	0.612297401	0.588879541	0.603033575	0.595959717	0.642318849	0.920569785	0.512553971	0.52681676	0.56090115	0.548415195	0.578668697	2.77959046	-2.77959046	-0.134894807	0.017390504	1.046480405	0.014520318	0.057124697	0.072543038	-0.135230404	-0.024141763	-0.105929815	-0.054097375	0.082597801	ECU	TGC	ECU-TGC	filtered_NewRunLP87_tclust	filtered_NewRunLP74_tclust
172	0.72715458	0.727811654	0.759429221	0.655951408	0.791713029	0.811279681	0.671128798	0.50340338	0.606029103	0.603605344	0.781677627	0.690573025	3.578517755	-3.578517755	0.170886543	-0.224428911	-0.242522226	0.238618661	0.218531582	0.221010367	-0.101435152	-0.331522453	-0.032856477	-0.082083157	-0.088329649	ECU	TGC	ECU-TGC	filtered_NewRunLP87_tclust	filtered_NewRunLP85_tclust
173	0.903090605	0.571336414	0.598564612	0.458227616	0.615735676	0.710551791	0.532702932	0.133146221	0.268188035	0.305491307	0.548029228	0.37686272	1.513087609	-1.513087609	-0.9675843	-0.478831296	-0.271034006	0.183392095	0.533794535	0.453507393	-0.105526969	-0.100900707	-0.051766449	-0.213756551	0.16984301	ECU	TGC	ECU-TGC	filtered_NewRunLP87_tclust	filtered_NewRunPU167_tclust
174	0.633970107	0.553718449	0.540120715	0.65620512	0.651950108	0.560868242	0.616539286	0.502187851	0.53389023	0.593556559	0.537525884	0.559529881	2.290326331	-2.290326331	0.29478064	0.411622275	0.121150406	0.102310141	-0.164192597	-0.018441848	0.113280753	-0.094548098	-0.228503979	-0.002725213	-0.014021406	ECU	TGC	ECU-TGC	filtered_NewRunLP87_tclust	filtered_NewRunPU170_tclust
175	0.978432576	0.490443433	0.667995325	0.580638698	0.541250305	0.646995817	0.574066885	0.016322921	0.256275764	0.313576088	0.391581025	0.654670614	1.627727532	-1.627727532	-1.30647494	-0.356244688	-0.03993212	-0.39907191	0.136074031	0.08328866	0.28922134	-0.764505923	0.209463111	-0.255451493	0.255489759	ECU	TGC	ECU-TGC	filtered_NewRunLP87_tclust	filtered_SameEarlierALP68_tclust
176	0.494113323	0.554251105	0.530178919	0.680129092	0.44138471	0.636741364	0.390671806	0.105935234	0.306767834	0.382832708	0.457140327	0.675634006	1.232947391	-1.232947391	0.287040383	-0.179549403	-0.478593859	-0.259022088	0.266169915	-0.500162262	0.377528985	-0.988676235	-0.218868025	-0.057057667	0.223741365	ECU	TGC	ECU-TGC	filtered_NewRunLP87_tclust	filtered_SameEarlierALP75_tclust
177	0.44271154	0.354055893	0.506042111	0.538960098	0.405587812	0.418285839	0.571380591	0.125610993	0.405942953	0.465344221	0.39580589	0.199394079	0.453048834	-0.453048834	0.421247718	-0.281343173	0.267782847	-0.095553835	-0.270559545	-0.237304532	0.283676869	0.475230261	-0.138220125	-0.125233914	-0.155208037	ECU	TGC	ECU-TGC	filtered_NewRunPU167_tclust	filtered_NewRunDP99_tclust
178	0.992917262	0.354913663	0.55723058	0.46255696	0.524822877	0.590802966	0.634575914	0.132711883	0.571540838	0.536439768	0.528562553	0.546321328	1.825667985	-1.825667985	-1.125340519	-0.283216209	0.150436486	-0.039609664	-0.73533117	-0.030839582	-0.361489001	-0.084524448	-0.031688174	0.11336238	-0.001128995	ECU	TGC	ECU-TGC	filtered_NewRunPU167_tclust	filtered_NewRunLP47_tclust
179	0.766103291	0.549304653	0.705769432	0.51976932	0.625600023	0.707628759	0.522597706	0.201666654	0.566079543	0.386452017	0.673255219	0.475902053	2.12104144	-2.12104144	-0.352688762	-0.641600787	-0.450057311	0.296611731	0.051732682	0.18337141	-0.023190359	-0.116921984	0.138737105	0.173815391	-0.1253102	ECU	TGC	ECU-TGC	filtered_NewRunPU167_tclust	filtered_NewRunLP49_tclust
180	0.873420789	0.660843688	0.87337567	0.615806942	0.749129843	0.916876729	0.812844406	0.532004991	0.705467164	0.608778379	0.836366497	0.754904172	4.115499548	-4.115499548	-0.25533287	-0.622214923	0.120166885	0.41573729	-0.053812926	0.143475675	-0.253080145	-0.344356657	0.250454072	-0.098711297	-0.027801385	ECU	TGC	ECU-TGC	filtered_NewRunPU167_tclust	filtered_NewRunLP74_tclust
181	0.947263626	0.504410102	0.547492762	0.531282131	0.616447487	0.643417218	0.571859997	0.524388027	0.527296363	0.607776439	0.612856676	0.54747002	2.440767377	-2.440767377	-0.701130958	0.35901455	-0.048256322	0.474090296	-0.261964549	-0.036869383	-0.357475933	-0.001679166	-0.161301757	-0.053461208	0.059091741	ECU	TGC	ECU-TGC	filtered_NewRunPU167_tclust	filtered_NewRunLP85_tclust
182	0.850590724	0.611917783	0.805693735	0.558582127	0.680436722	0.886651043	0.632819183	0.091707369	0.47576164	0.220523159	0.761418403	0.503646807	2.529129483	-2.529129483	-0.710117293	-1.314778072	-0.341175911	0.331572907	0.498017703	0.493743213	0.184608713	-0.376418165	0.132064493	0.041620709	0.022588268	ECU	TGC	ECU-TGC	filtered_NewRunPU167_tclust	filtered_NewRunLP87_tclust
183	0.956268948	0.589208594	0.679170631	0.542872105	0.643749399	0.779393525	0.638667343	0.481575068	0.533869412	0.56356612	0.695331005	0.497248476	2.861258618	-2.861258618	-0.71192092	-0.175036	-0.080592502	0.519475707	0.079228895	0.073079077	-0.306438518	0.12136476	-0.017236577	-0.139727171	0.094637595	ECU	TGC	ECU-TGC	filtered_NewRunPU167_tclust	filtered_NewRunPU170_tclust
184	0.656345227	0.537778114	0.792673002	0.623481173	0.778111857	0.580740887	0.623994537	0.211164521	0.556000636	0.575087977	0.573345805	0.676587362	2.594491941	-2.594491941	0.113487145	-0.227338657	-0.244050111	-0.385252705	-0.355065177	0.3278932	0.232698952	-0.391247332	0.287638844	-0.180228398	-0.339583711	ECU	TGC	ECU-TGC	filtered_NewRunPU167_tclust	filtered_SameEarlierALP68_tclust
185	0.913292311	0.562304981	0.76038161	0.555773153	0.713293343	0.645280676	0.526326764	0.231805725	0.671541509	0.417427757	0.694980033	0.524779597	2.566489808	-2.566489808	-0.707922439	-0.431694085	-0.543256587	0.211930224	-0.140231027	0.312449775	0.062026752	-0.040402407	0.249583546	0.354727357	-0.314911986	ECU	TGC	ECU-TGC	filtered_NewRunPU167_tclust	filtered_SameEarlierALP75_tclust
186	0.637744762	0.520930431	0.522694078	0.508007466	0.421994241	0.532598157	0.756396439	0.124241335	0.421619684	0.3835287	0.424553508	0.192672224	1.0212978	-1.0212978	-0.123886126	-0.552925003	0.715777999	-0.161879654	0.251763422	0.008700852	0.057186004	0.572032012	-0.117624939	0.067873321	0.033372322	ECU	TGC	ECU-TGC	filtered_NewRunPU170_tclust	filtered_NewRunDP99_tclust
187	0.744221866	0.495771473	0.581611978	0.512573409	0.677688923	0.510579227	0.77693972	0.246640748	0.470220298	0.387454739	0.446003084	0.509624674	1.817528685	-1.817528685	-0.308577114	-0.112663442	0.636135874	-0.188648066	-0.137655045	0.576957456	0.084785408	-0.132813948	0.087297019	0.056076865	-0.09142724	ECU	TGC	ECU-TGC	filtered_NewRunPU170_tclust	filtered_NewRunLP47_tclust
188	0.213087218	0.403019926	0.467181498	0.398835566	0.318201455	0.399242528	0.222246393	0.034468704	0.326919169	0.199369104	0.31045136	0.199172251	-0.742843013	0.742843013	0.889401264	-0.285938762	-0.583778638	0.16955959	0.213037826	-0.272065658	0.258096226	-0.051992577	0.236914181	0.219853294	-0.073524336	ECU	TGC	ECU-TGC	filtered_NewRunPU170_tclust	filtered_NewRunLP49_tclust
189	0.441892994	0.157824865	0.453664333	0.303611705	0.841754192	0.559548314	0.933715383	-0.218717112	0.37656447	0.266952914	0.386310496	0.347207812	0.565697994	-0.565697994	0.254079557	-1.216903741	1.011619501	-0.441127113	-0.91291278	1.676282371	-0.048195665	-0.156510791	-0.224773767	-0.292898539	0.045729745	ECU	TGC	ECU-TGC	filtered_NewRunPU170_tclust	filtered_NewRunLP74_tclust
190	0.587621751	0.626323038	0.598918689	0.594707592	0.572480546	0.76406415	0.612500281	0.540434618	0.578299974	0.525819416	0.730674158	0.56463769	2.615848524	-2.615848524	0.457775384	-0.199255539	-0.020313115	0.603460016	0.186018944	-0.200839951	-0.190328688	-0.223139028	-0.202467527	0.081146161	0.038140397	ECU	TGC	ECU-TGC	filtered_NewRunPU170_tclust	filtered_NewRunLP85_tclust
191	0.531876916	0.365231017	0.570643201	0.501128734	0.807616249	0.551861992	0.565625537	0.292675849	0.492405963	0.463492569	0.450388747	0.424963947	1.496258535	-1.496258535	0.396566395	-0.008982232	-0.111681487	0.120722635	-0.549634374	0.772101075	0.178792006	-0.001970191	0.035676936	-0.169214982	0.016094448	ECU	TGC	ECU-TGC	filtered_NewRunPU170_tclust	filtered_NewRunLP87_tclust
192	0.883919286	0.61116238	0.590431861	0.343274247	0.406235266	0.540443022	0.471556395	0.156024536	0.286305923	0.28518961	0.439947562	0.409947754	0.937615929	-0.937615929	-0.989807758	-0.160190111	-0.11460669	0.08849197	0.636093496	-0.03314031	-0.386534208	-0.169835941	0.381789457	0.060835691	-0.050698443	ECU	TGC	ECU-TGC	filtered_NewRunPU170_tclust	filtered_NewRunPU167_tclust
193	0.967594339	0.553354965	0.590838189	0.54475123	0.572049011	0.555231594	0.609739231	0.245630874	0.543966294	0.52320027	0.435349748	0.520547788	2.040820711	-2.040820711	-0.923159125	0.132767238	0.070050755	-0.24266885	-0.155250063	0.000524249	-0.127212228	0.051064718	0.117113152	0.198439016	0.0847243	ECU	TGC	ECU-TGC	filtered_NewRunPU170_tclust	filtered_SameEarlierALP68_tclust
194	0.429053101	0.442530545	0.516877435	0.596816522	0.410505276	0.407240324	0.258560004	0.126025662	0.449620481	0.323544657	0.40336974	0.332777969	0.323959658	-0.323959658	0.438844716	0.004149695	-0.685314811	0.044608754	-0.013466409	-0.415970121	0.543550158	-0.065772212	0.017201744	0.325621643	-0.161506485	ECU	TGC	ECU-TGC	filtered_NewRunPU170_tclust	filtered_SameEarlierALP75_tclust
195	0.302620599	0.544219684	0.436629414	0.384269607	0.504211756	0.391256784	0.596958509	-0.067935322	0.413767845	0.430139327	0.291785521	0.532916501	0.441648887	-0.441648887	0.846104697	-0.201402077	0.27956048	-0.866385211	-0.050954994	0.184733384	-0.310946741	-0.47907378	0.073823975	0.216737521	-0.138480994	ECU	TGC	ECU-TGC	filtered_SameEarlierALP68_tclust	filtered_NewRunDP99_tclust
196	1.154364942	0.630678998	0.433973582	0.496261316	0.716441132	0.348290425	0.656948373	-0.13432717	0.347384318	0.460406663	0.170991674	0.503609565	1.307720248	-1.307720248	-1.721517056	0.482850208	0.227170242	-1.383811511	0.055064491	0.751345015	-0.135116841	0.000548099	-0.086789398	0.248276455	0.1184296	ECU	TGC	ECU-TGC	filtered_SameEarlierALP68_tclust	filtered_NewRunLP47_tclust
197	0.986610932	0.529276812	0.571934159	0.516955917	0.470409716	0.566610094	0.31881174	0.035339042	0.437431542	0.383319546	0.408661078	0.517270571	1.227407484	-1.227407484	-1.246084986	-0.014632862	-0.764856134	-0.209005012	0.039657877	-0.241397819	-0.030410322	-0.297534756	0.161567336	0.292109614	0.15717897	ECU	TGC	ECU-TGC	filtered_SameEarlierALP68_tclust	filtered_NewRunLP49_tclust
198	1.11039992	0.768207414	0.719753513	0.732093816	0.956117778	0.633195472	0.881550528	0.432018134	0.660234501	0.672970634	0.606418854	0.677779747	4.03844407	-4.03844407	-0.918108642	0.321305433	0.342607283	-0.536536182	-0.002118371	0.736821181	0.067483895	0.11169493	-0.101456934	0.107352347	-0.105155829	ECU	TGC	ECU-TGC	filtered_SameEarlierALP68_tclust	filtered_NewRunLP74_tclust
199	1.098877037	0.872702596	0.901843538	0.948608587	0.915083591	0.875415536	0.831973426	0.78261283	0.928414025	0.812803554	0.831451829	0.759445081	5.539684568	-5.539684568	-0.484780084	0.232859312	-0.074174609	0.103472821	0.035415916	-0.006846558	0.30076413	0.244675704	-0.023040484	0.266920471	0.046530643	ECU	TGC	ECU-TGC	filtered_SameEarlierALP68_tclust	filtered_NewRunLP85_tclust
200	0.998671362	0.651639939	0.596734284	0.685573761	0.787882284	0.676556854	0.371973271	-0.183846106	0.473961746	0.506012071	0.624035071	0.660650396	2.314589941	-2.314589941	-1.123177833	-0.361001803	-1.261720672	-0.779342097	0.028780789	0.332653591	0.116123419	-0.562018809	-0.485586789	0.202773754	-0.036070735	ECU	TGC	ECU-TGC	filtered_SameEarlierALP68_tclust	filtered_NewRunLP87_tclust
201	0.542785301	0.781857123	0.667435549	0.850406938	0.820950224	0.448645236	0.586461045	0.119508908	0.579612427	0.630164596	0.304690271	0.671035812	2.489751828	-2.489751828	0.584707427	0.443359365	-0.331793328	-1.409611991	0.096814788	0.220785158	0.735082329	-0.249107934	0.033253154	0.229375398	-0.033135088	ECU	TGC	ECU-TGC	filtered_SameEarlierALP68_tclust	filtered_NewRunPU167_tclust
202	1.164860281	0.588918117	0.698737584	0.737171615	0.805941166	0.679638648	0.566374061	0.425819276	0.654870982	0.705418435	0.566966121	0.633789274	3.422083648	-3.422083648	-1.208114711	0.447984081	-0.479239694	-0.128975574	-0.407357583	0.122681671	0.13428856	0.108602855	-0.053841202	0.03379278	0.162535651	ECU	TGC	ECU-TGC	filtered_SameEarlierALP68_tclust	filtered_NewRunPU170_tclust
203	0.965928118	0.550795775	0.501290968	0.683940782	0.543225716	0.379555555	0.388229313	0.098716105	0.322824651	0.476549246	0.463148357	0.458320203	1.318178504	-1.318178504	-1.121323004	0.463968378	-0.521928664	-0.428866373	0.11530372	-0.198136333	0.382095162	-0.06614706	-0.38922546	0.050312198	-0.272313333	ECU	TGC	ECU-TGC	filtered_SameEarlierALP68_tclust	filtered_SameEarlierALP75_tclust
204	0.65285129	0.590906422	0.549505807	0.555937164	0.337656567	0.477323137	0.795298523	0.076402554	0.449139679	0.655552893	0.422056654	0.532441409	1.608685708	-1.608685708	-0.060402283	-0.248968962	0.787509189	-0.848219831	-0.029869258	-0.619557914	-0.302484806	-0.010368683	-0.102359012	-0.059358227	-0.157699395	ECU	TGC	ECU-TGC	filtered_SameEarlierALP75_tclust	filtered_NewRunDP99_tclust
205	0.832061495	0.515347046	0.497030222	0.465886581	0.419436566	0.345338726	0.653933315	0.124277369	0.433852093	0.617498879	0.24984112	0.626712477	1.258869086	-1.258869086	-0.652101381	0.472606665	0.538060414	-0.880213213	-0.347395966	-0.333396833	-0.38277919	-0.241230493	0.203656247	0.064981875	-0.081291334	ECU	TGC	ECU-TGC	filtered_SameEarlierALP75_tclust	filtered_NewRunLP47_tclust
206	0.561539675	0.566928252	0.637761975	0.614219646	0.54410477	0.574012868	0.529379049	0.441816539	0.603476923	0.601928296	0.516904567	0.645275426	2.207394493	-2.207394493	0.479283927	0.232330463	-0.138814618	0.019914328	-0.216364209	-0.399578347	0.005834125	-0.314018599	0.181698988	0.110882423	-0.06148206	ECU	TGC	ECU-TGC	filtered_SameEarlierALP75_tclust	filtered_NewRunLP49_tclust
207	0.713332516	0.767139988	0.747399333	0.801440081	0.939957207	0.732542809	1.004443224	0.675317412	0.680265954	0.866191555	0.705779019	0.795540762	4.574972749	-4.574972749	0.53317365	0.278469925	0.704264493	-0.342530636	-0.137105695	0.395509642	0.00161272	-0.10469359	-0.237700019	-0.311059996	-0.097621313	ECU	TGC	ECU-TGC	filtered_SameEarlierALP75_tclust	filtered_NewRunLP74_tclust
208	0.676907316	0.76328851	0.708273982	0.862433264	0.828461408	0.768044391	0.701890521	0.430992817	0.734031844	0.585440453	0.755479971	0.688930993	3.779170497	-3.779170497	0.394017211	-0.194332791	-0.214187459	-0.111088789	0.138208287	0.15486095	0.452131965	-0.248057542	-0.360370888	0.318010005	-0.043840643	ECU	TGC	ECU-TGC	filtered_SameEarlierALP75_tclust	filtered_NewRunLP85_tclust
209	0.622421839	0.665591116	0.780489347	0.792976494	0.772934686	0.729784025	0.660427038	0.410632725	0.506464414	0.73642212	0.648072241	0.805729799	3.444153962	-3.444153962	0.443639153	0.013330301	-0.236954223	-0.35360879	-0.063300098	-0.079548198	0.275039254	-0.593464753	-0.074581554	-0.465031281	-0.063759919	ECU	TGC	ECU-TGC	filtered_SameEarlierALP75_tclust	filtered_NewRunLP87_tclust
210	0.756099509	0.882797114	0.762681368	0.852373332	0.729049714	0.616840153	0.670149726	0.378131143	0.621058333	0.747121807	0.534884455	0.792061535	3.63343834	-3.63343834	0.134778439	0.387558972	-0.184062794	-0.886994429	0.326855103	-0.26196777	0.293578774	-0.31727427	0.041085902	0.092466226	-0.08140188	ECU	TGC	ECU-TGC	filtered_SameEarlierALP75_tclust	filtered_NewRunPU167_tclust
211	0.625517324	0.640561991	0.637270621	0.757896622	0.668925391	0.532625369	0.545145317	0.442567644	0.607517352	0.776414917	0.518222719	0.662299217	2.739304921	-2.739304921	0.443825232	0.581336429	-0.295045657	-0.405458083	-0.259253571	-0.350550497	0.18717755	-0.113443609	-0.108982248	-0.031246114	-0.125344211	ECU	TGC	ECU-TGC	filtered_SameEarlierALP75_tclust	filtered_NewRunPU170_tclust
212	0.906412785	0.64770382	0.594722728	0.632160946	0.718700907	0.433558422	0.663615283	0.209992033	0.466330396	0.533309797	0.433692549	0.517445826	2.170754196	-2.170754196	-0.69491784	0.360925866	0.128844737	-0.643703834	0.082632374	0.368804239	0.17514807	0.072966178	-0.059656204	0.095815639	-0.216865971	ECU	TGC	ECU-TGC	filtered_SameEarlierALP75_tclust	filtered_SameEarlierALP68_tclust